1.186	-2.835
1.166	-2.835
1.146	-2.835
1.126	-2.835
1.106	-2.836
1.086	-2.836
1.066	-2.836
1.046	-2.836
1.026	-2.836
1.006	-2.836
0.986	-2.836
0.966	-2.834
0.946	-2.835
0.926	-2.835
0.906	-2.835
0.886	-2.834
0.866	-2.834
0.846	-2.834
0.826	-2.834
0.806	-2.834
0.786	-2.834
0.766	-2.834
0.746	-2.834
0.726	-2.834
0.706	-2.835
0.686	-2.835
0.666	-2.834
0.646	-2.834
0.626	-2.835
0.606	-2.834
0.586	-2.834
0.566	-2.833
0.546	-2.834
0.526	-2.833
0.506	-2.833
0.486	-2.833
0.466	-2.833
0.446	-2.833
0.426	-2.832
0.406	-2.832
0.386	-2.833
0.366	-2.833
0.346	-2.833
0.326	-2.833
0.306	-2.833
0.286	-2.832
0.266	-2.833
0.246	-2.833
0.226	-2.833
0.206	-2.832
0.186	-2.832
0.166	-2.832
0.146	-2.831
0.126	-2.831
0.106	-2.831
0.086	-2.831
0.066	-2.830
0.046	-2.830
0.026	-2.829
0.006	-2.830
-0.014	-2.831
-0.034	-2.830
-0.054	-2.830
-0.074	-2.830
-0.094	-2.829
-0.114	-2.829
-0.134	-2.829
-0.154	-2.830
-0.174	-2.829
-0.194	-2.813
-0.214	-2.812
-0.234	-2.810
-0.254	-2.810
-0.274	-2.810
-0.294	-2.810
-0.314	-2.809
-0.334	-2.809
-0.354	-2.808
-0.374	-2.808
-0.394	-2.808
-0.414	-2.808
-0.434	-2.809
-0.454	-2.808
-0.474	-2.808
-0.494	-2.808
-0.514	-2.807
-0.534	-2.807
-0.554	-2.808
-0.574	-2.808
-0.594	-2.808
-0.614	-2.807
-0.634	-2.807
-0.654	-2.806
-0.674	-2.806
-0.694	-2.805
-0.714	-2.806
-0.734	-2.806
-0.754	-2.805
-0.774	-2.805
-0.794	-2.804
-0.814	-2.805
-0.834	-2.805
-0.854	-2.805
-0.874	-2.805
-0.894	-2.805
-0.914	-2.805
-0.934	-2.805
-0.954	-2.805
-0.974	-2.805
-0.994	-2.805
-1.014	-2.804
-1.034	-2.804
-1.054	-2.803
-1.074	-2.804
-1.094	-2.803
-1.114	-2.803
-1.134	-2.803
-1.154	-2.803
-1.174	-2.802
-1.194	-2.802
-1.214	-2.802
-1.214	-2.803
-1.194	-2.803
-1.174	-2.803
-1.154	-2.803
-1.134	-2.803
-1.114	-2.803
-1.094	-2.804
-1.074	-2.804
-1.054	-2.804
-1.034	-2.804
-1.014	-2.803
-0.994	-2.803
-0.974	-2.803
-0.954	-2.803
-0.934	-2.803
-0.914	-2.804
-0.894	-2.803
-0.874	-2.803
-0.854	-2.803
-0.834	-2.804
-0.814	-2.804
-0.794	-2.804
-0.774	-2.805
-0.754	-2.804
-0.734	-2.805
-0.714	-2.805
-0.694	-2.805
-0.674	-2.806
-0.654	-2.805
-0.634	-2.806
-0.614	-2.805
-0.594	-2.805
-0.574	-2.805
-0.554	-2.805
-0.534	-2.805
-0.514	-2.805
-0.494	-2.805
-0.474	-2.805
-0.454	-2.805
-0.434	-2.805
-0.414	-2.806
-0.394	-2.806
-0.374	-2.806
-0.354	-2.806
-0.334	-2.807
-0.314	-2.807
-0.294	-2.807
-0.274	-2.808
-0.254	-2.808
-0.234	-2.808
-0.214	-2.807
-0.194	-2.807
-0.174	-2.807
-0.154	-2.807
-0.134	-2.808
-0.114	-2.808
-0.094	-2.808
-0.074	-2.808
-0.054	-2.808
-0.034	-2.808
-0.014	-2.809
0.006	-2.809
0.026	-2.809
0.046	-2.809
0.066	-2.810
0.086	-2.810
0.106	-2.810
0.126	-2.811
0.146	-2.811
0.166	-2.811
0.186	-2.828
0.206	-2.828
0.226	-2.828
0.246	-2.828
0.266	-2.828
0.286	-2.829
0.306	-2.828
0.326	-2.828
0.346	-2.828
0.366	-2.829
0.386	-2.829
0.406	-2.829
0.426	-2.830
0.446	-2.830
0.466	-2.830
0.486	-2.830
0.506	-2.831
0.526	-2.831
0.546	-2.832
0.566	-2.831
0.586	-2.831
0.606	-2.831
0.626	-2.831
0.646	-2.831
0.666	-2.831
0.686	-2.831
0.706	-2.831
0.726	-2.831
0.746	-2.831
0.766	-2.831
0.786	-2.831
0.806	-2.832
0.826	-2.832
0.846	-2.832
0.866	-2.832
0.886	-2.833
0.906	-2.833
0.926	-2.833
0.946	-2.833
0.966	-2.833
0.986	-2.833
1.006	-2.834
1.026	-2.833
1.046	-2.833
1.066	-2.833
1.086	-2.833
1.106	-2.833
1.126	-2.833
1.146	-2.833
1.166	-2.833
1.186	-2.833
