1.186	-3.156
1.166	-3.155
1.146	-3.154
1.126	-3.154
1.106	-3.154
1.086	-3.154
1.066	-3.155
1.046	-3.155
1.026	-3.155
1.006	-3.155
0.986	-3.155
0.966	-3.156
0.946	-3.156
0.926	-3.156
0.906	-3.157
0.886	-3.156
0.866	-3.156
0.846	-3.157
0.826	-3.156
0.806	-3.156
0.786	-3.157
0.766	-3.156
0.746	-3.157
0.726	-3.157
0.706	-3.157
0.686	-3.157
0.666	-3.157
0.646	-3.157
0.626	-3.158
0.606	-3.158
0.586	-3.159
0.566	-3.159
0.546	-3.159
0.526	-3.159
0.506	-3.161
0.486	-3.161
0.466	-3.160
0.446	-3.161
0.426	-3.161
0.406	-3.161
0.386	-3.160
0.366	-3.160
0.346	-3.161
0.326	-3.161
0.306	-3.161
0.286	-3.161
0.266	-3.161
0.246	-3.162
0.226	-3.161
0.206	-3.163
0.186	-3.163
0.166	-3.163
0.146	-3.163
0.126	-3.164
0.106	-3.164
0.086	-3.165
0.066	-3.165
0.046	-3.165
0.026	-3.165
0.006	-3.165
-0.014	-3.165
-0.034	-3.166
-0.054	-3.166
-0.074	-3.166
-0.094	-3.166
-0.114	-3.166
-0.134	-3.167
-0.154	-3.167
-0.174	-3.168
-0.194	-3.151
-0.214	-3.151
-0.234	-3.151
-0.254	-3.151
-0.274	-3.152
-0.294	-3.152
-0.314	-3.153
-0.334	-3.154
-0.354	-3.154
-0.374	-3.153
-0.394	-3.154
-0.414	-3.153
-0.434	-3.153
-0.454	-3.154
-0.474	-3.153
-0.494	-3.154
-0.514	-3.154
-0.534	-3.154
-0.554	-3.154
-0.574	-3.154
-0.594	-3.155
-0.614	-3.155
-0.634	-3.155
-0.654	-3.155
-0.674	-3.155
-0.694	-3.156
-0.714	-3.155
-0.734	-3.156
-0.754	-3.156
-0.774	-3.156
-0.794	-3.156
-0.814	-3.156
-0.834	-3.156
-0.854	-3.156
-0.874	-3.156
-0.894	-3.156
-0.914	-3.155
-0.934	-3.156
-0.954	-3.156
-0.974	-3.156
-0.994	-3.156
-1.014	-3.156
-1.034	-3.156
-1.054	-3.157
-1.074	-3.156
-1.094	-3.156
-1.114	-3.157
-1.134	-3.157
-1.154	-3.156
-1.174	-3.157
-1.194	-3.157
-1.214	-3.156
-1.214	-3.157
-1.194	-3.156
-1.174	-3.156
-1.154	-3.156
-1.134	-3.156
-1.114	-3.156
-1.094	-3.156
-1.074	-3.156
-1.054	-3.156
-1.034	-3.156
-1.014	-3.156
-0.994	-3.156
-0.974	-3.157
-0.954	-3.156
-0.934	-3.157
-0.914	-3.157
-0.894	-3.156
-0.874	-3.157
-0.854	-3.156
-0.834	-3.156
-0.814	-3.156
-0.794	-3.155
-0.774	-3.156
-0.754	-3.156
-0.734	-3.156
-0.714	-3.155
-0.694	-3.155
-0.674	-3.155
-0.654	-3.156
-0.634	-3.156
-0.614	-3.155
-0.594	-3.156
-0.574	-3.155
-0.554	-3.156
-0.534	-3.156
-0.514	-3.156
-0.494	-3.156
-0.474	-3.156
-0.454	-3.155
-0.434	-3.155
-0.414	-3.155
-0.394	-3.154
-0.374	-3.155
-0.354	-3.154
-0.334	-3.154
-0.314	-3.154
-0.294	-3.154
-0.274	-3.153
-0.254	-3.153
-0.234	-3.154
-0.214	-3.154
-0.194	-3.153
-0.174	-3.154
-0.154	-3.154
-0.134	-3.153
-0.114	-3.154
-0.094	-3.153
-0.074	-3.154
-0.054	-3.154
-0.034	-3.153
-0.014	-3.152
0.006	-3.152
0.026	-3.152
0.046	-3.151
0.066	-3.152
0.086	-3.151
0.106	-3.151
0.126	-3.151
0.146	-3.150
0.166	-3.150
0.186	-3.168
0.206	-3.167
0.226	-3.167
0.246	-3.166
0.266	-3.167
0.286	-3.166
0.306	-3.166
0.326	-3.166
0.346	-3.165
0.366	-3.165
0.386	-3.165
0.406	-3.164
0.426	-3.163
0.446	-3.163
0.466	-3.163
0.486	-3.163
0.506	-3.162
0.526	-3.162
0.546	-3.161
0.566	-3.161
0.586	-3.161
0.606	-3.161
0.626	-3.161
0.646	-3.161
0.666	-3.160
0.686	-3.160
0.706	-3.160
0.726	-3.160
0.746	-3.160
0.766	-3.159
0.786	-3.159
0.806	-3.158
0.826	-3.158
0.846	-3.158
0.866	-3.158
0.886	-3.157
0.906	-3.157
0.926	-3.157
0.946	-3.157
0.966	-3.156
0.986	-3.156
1.006	-3.156
1.026	-3.156
1.046	-3.156
1.066	-3.155
1.086	-3.155
1.106	-3.155
1.126	-3.155
1.146	-3.155
1.166	-3.155
1.186	-3.153
