1.186	-3.356
1.166	-3.356
1.146	-3.356
1.126	-3.356
1.106	-3.356
1.086	-3.356
1.066	-3.356
1.046	-3.356
1.026	-3.356
1.006	-3.356
0.986	-3.356
0.966	-3.356
0.946	-3.356
0.926	-3.356
0.906	-3.356
0.886	-3.356
0.866	-3.356
0.846	-3.356
0.826	-3.356
0.806	-3.356
0.786	-3.356
0.766	-3.356
0.746	-3.356
0.726	-3.357
0.706	-3.356
0.686	-3.356
0.666	-3.356
0.646	-3.356
0.626	-3.356
0.606	-3.356
0.586	-3.357
0.566	-3.357
0.546	-3.357
0.526	-3.357
0.506	-3.357
0.486	-3.357
0.466	-3.357
0.446	-3.357
0.426	-3.357
0.406	-3.357
0.386	-3.357
0.366	-3.357
0.346	-3.357
0.326	-3.357
0.306	-3.357
0.286	-3.357
0.266	-3.357
0.246	-3.356
0.226	-3.357
0.206	-3.357
0.186	-3.357
0.166	-3.357
0.146	-3.356
0.126	-3.356
0.106	-3.356
0.086	-3.356
0.066	-3.356
0.046	-3.356
0.026	-3.356
0.006	-3.356
-0.014	-3.356
-0.034	-3.355
-0.054	-3.356
-0.074	-3.356
-0.094	-3.355
-0.114	-3.355
-0.134	-3.355
-0.154	-3.355
-0.174	-3.355
-0.194	-3.376
-0.214	-3.376
-0.234	-3.376
-0.254	-3.377
-0.274	-3.376
-0.294	-3.376
-0.314	-3.376
-0.334	-3.376
-0.354	-3.376
-0.374	-3.376
-0.394	-3.376
-0.414	-3.377
-0.434	-3.376
-0.454	-3.377
-0.474	-3.377
-0.494	-3.377
-0.514	-3.377
-0.534	-3.377
-0.554	-3.377
-0.574	-3.377
-0.594	-3.377
-0.614	-3.377
-0.634	-3.377
-0.654	-3.377
-0.674	-3.377
-0.694	-3.376
-0.714	-3.376
-0.734	-3.376
-0.754	-3.376
-0.774	-3.376
-0.794	-3.376
-0.814	-3.376
-0.834	-3.375
-0.854	-3.375
-0.874	-3.375
-0.894	-3.375
-0.914	-3.376
-0.934	-3.375
-0.954	-3.375
-0.974	-3.375
-0.994	-3.375
-1.014	-3.375
-1.034	-3.375
-1.054	-3.376
-1.074	-3.375
-1.094	-3.375
-1.114	-3.375
-1.134	-3.375
-1.154	-3.375
-1.174	-3.375
-1.194	-3.375
-1.214	-3.375
-1.214	-3.375
-1.194	-3.375
-1.174	-3.375
-1.154	-3.375
-1.134	-3.375
-1.114	-3.375
-1.094	-3.375
-1.074	-3.375
-1.054	-3.375
-1.034	-3.375
-1.014	-3.375
-0.994	-3.375
-0.974	-3.375
-0.954	-3.375
-0.934	-3.375
-0.914	-3.375
-0.894	-3.375
-0.874	-3.375
-0.854	-3.375
-0.834	-3.375
-0.814	-3.375
-0.794	-3.375
-0.774	-3.375
-0.754	-3.375
-0.734	-3.375
-0.714	-3.375
-0.694	-3.375
-0.674	-3.375
-0.654	-3.375
-0.634	-3.375
-0.614	-3.376
-0.594	-3.376
-0.574	-3.376
-0.554	-3.376
-0.534	-3.376
-0.514	-3.376
-0.494	-3.376
-0.474	-3.376
-0.454	-3.376
-0.434	-3.376
-0.414	-3.376
-0.394	-3.376
-0.374	-3.376
-0.354	-3.376
-0.334	-3.376
-0.314	-3.376
-0.294	-3.377
-0.274	-3.377
-0.254	-3.376
-0.234	-3.376
-0.214	-3.377
-0.194	-3.376
-0.174	-3.376
-0.154	-3.376
-0.134	-3.376
-0.114	-3.376
-0.094	-3.376
-0.074	-3.376
-0.054	-3.376
-0.034	-3.376
-0.014	-3.376
0.006	-3.376
0.026	-3.376
0.046	-3.376
0.066	-3.376
0.086	-3.376
0.106	-3.376
0.126	-3.376
0.146	-3.376
0.166	-3.377
0.186	-3.355
0.206	-3.355
0.226	-3.355
0.246	-3.355
0.266	-3.356
0.286	-3.356
0.306	-3.356
0.326	-3.356
0.346	-3.356
0.366	-3.356
0.386	-3.356
0.406	-3.357
0.426	-3.357
0.446	-3.356
0.466	-3.357
0.486	-3.356
0.506	-3.357
0.526	-3.357
0.546	-3.356
0.566	-3.357
0.586	-3.357
0.606	-3.357
0.626	-3.357
0.646	-3.357
0.666	-3.357
0.686	-3.357
0.706	-3.357
0.726	-3.357
0.746	-3.357
0.766	-3.357
0.786	-3.357
0.806	-3.357
0.826	-3.357
0.846	-3.357
0.866	-3.357
0.886	-3.357
0.906	-3.357
0.926	-3.357
0.946	-3.356
0.966	-3.357
0.986	-3.357
1.006	-3.357
1.026	-3.356
1.046	-3.357
1.066	-3.356
1.086	-3.356
1.106	-3.357
1.126	-3.356
1.146	-3.356
1.166	-3.356
1.186	-3.356
