1.186	-3.471
1.166	-3.471
1.146	-3.471
1.126	-3.471
1.106	-3.471
1.086	-3.472
1.066	-3.471
1.046	-3.471
1.026	-3.471
1.006	-3.471
0.986	-3.471
0.966	-3.471
0.946	-3.471
0.926	-3.471
0.906	-3.471
0.886	-3.471
0.866	-3.471
0.846	-3.471
0.826	-3.471
0.806	-3.471
0.786	-3.471
0.766	-3.471
0.746	-3.471
0.726	-3.471
0.706	-3.471
0.686	-3.471
0.666	-3.471
0.646	-3.471
0.626	-3.471
0.606	-3.471
0.586	-3.471
0.566	-3.471
0.546	-3.471
0.526	-3.471
0.506	-3.471
0.486	-3.471
0.466	-3.471
0.446	-3.471
0.426	-3.471
0.406	-3.471
0.386	-3.470
0.366	-3.471
0.346	-3.471
0.326	-3.470
0.306	-3.470
0.286	-3.470
0.266	-3.470
0.246	-3.470
0.226	-3.470
0.206	-3.470
0.186	-3.470
0.166	-3.470
0.146	-3.470
0.126	-3.470
0.106	-3.469
0.086	-3.469
0.066	-3.469
0.046	-3.469
0.026	-3.469
0.006	-3.468
-0.014	-3.468
-0.034	-3.468
-0.054	-3.468
-0.074	-3.468
-0.094	-3.468
-0.114	-3.467
-0.134	-3.467
-0.154	-3.467
-0.174	-3.466
-0.194	-3.493
-0.214	-3.493
-0.234	-3.493
-0.254	-3.493
-0.274	-3.492
-0.294	-3.492
-0.314	-3.492
-0.334	-3.493
-0.354	-3.493
-0.374	-3.493
-0.394	-3.493
-0.414	-3.493
-0.434	-3.493
-0.454	-3.493
-0.474	-3.493
-0.494	-3.493
-0.514	-3.493
-0.534	-3.493
-0.554	-3.493
-0.574	-3.493
-0.594	-3.493
-0.614	-3.493
-0.634	-3.492
-0.654	-3.492
-0.674	-3.492
-0.694	-3.492
-0.714	-3.492
-0.734	-3.492
-0.754	-3.492
-0.774	-3.492
-0.794	-3.491
-0.814	-3.491
-0.834	-3.491
-0.854	-3.491
-0.874	-3.491
-0.894	-3.491
-0.914	-3.491
-0.934	-3.491
-0.954	-3.491
-0.974	-3.491
-0.994	-3.491
-1.014	-3.491
-1.034	-3.491
-1.054	-3.491
-1.074	-3.491
-1.094	-3.491
-1.114	-3.491
-1.134	-3.491
-1.154	-3.491
-1.174	-3.491
-1.194	-3.491
-1.214	-3.491
-1.214	-3.491
-1.194	-3.491
-1.174	-3.491
-1.154	-3.491
-1.134	-3.491
-1.114	-3.491
-1.094	-3.491
-1.074	-3.491
-1.054	-3.491
-1.034	-3.491
-1.014	-3.491
-0.994	-3.491
-0.974	-3.491
-0.954	-3.491
-0.934	-3.491
-0.914	-3.491
-0.894	-3.491
-0.874	-3.491
-0.854	-3.491
-0.834	-3.491
-0.814	-3.491
-0.794	-3.491
-0.774	-3.491
-0.754	-3.491
-0.734	-3.491
-0.714	-3.491
-0.694	-3.491
-0.674	-3.491
-0.654	-3.491
-0.634	-3.491
-0.614	-3.491
-0.594	-3.491
-0.574	-3.491
-0.554	-3.491
-0.534	-3.492
-0.514	-3.492
-0.494	-3.492
-0.474	-3.492
-0.454	-3.492
-0.434	-3.492
-0.414	-3.492
-0.394	-3.492
-0.374	-3.492
-0.354	-3.492
-0.334	-3.493
-0.314	-3.493
-0.294	-3.492
-0.274	-3.493
-0.254	-3.493
-0.234	-3.492
-0.214	-3.492
-0.194	-3.492
-0.174	-3.492
-0.154	-3.492
-0.134	-3.492
-0.114	-3.492
-0.094	-3.492
-0.074	-3.492
-0.054	-3.492
-0.034	-3.492
-0.014	-3.492
0.006	-3.492
0.026	-3.492
0.046	-3.492
0.066	-3.493
0.086	-3.493
0.106	-3.493
0.126	-3.493
0.146	-3.493
0.166	-3.493
0.186	-3.467
0.206	-3.467
0.226	-3.467
0.246	-3.467
0.266	-3.468
0.286	-3.468
0.306	-3.468
0.326	-3.468
0.346	-3.469
0.366	-3.469
0.386	-3.469
0.406	-3.469
0.426	-3.469
0.446	-3.469
0.466	-3.470
0.486	-3.470
0.506	-3.470
0.526	-3.470
0.546	-3.470
0.566	-3.470
0.586	-3.470
0.606	-3.470
0.626	-3.471
0.646	-3.470
0.666	-3.471
0.686	-3.471
0.706	-3.471
0.726	-3.471
0.746	-3.471
0.766	-3.471
0.786	-3.471
0.806	-3.471
0.826	-3.471
0.846	-3.471
0.866	-3.471
0.886	-3.471
0.906	-3.471
0.926	-3.471
0.946	-3.471
0.966	-3.471
0.986	-3.471
1.006	-3.471
1.026	-3.471
1.046	-3.471
1.066	-3.471
1.086	-3.471
1.106	-3.471
1.126	-3.471
1.146	-3.471
1.166	-3.471
1.186	-3.471
