1.186	-3.612
1.166	-3.612
1.146	-3.612
1.126	-3.612
1.106	-3.612
1.086	-3.612
1.066	-3.612
1.046	-3.612
1.026	-3.612
1.006	-3.612
0.986	-3.612
0.966	-3.612
0.946	-3.612
0.926	-3.612
0.906	-3.612
0.886	-3.612
0.866	-3.612
0.846	-3.612
0.826	-3.612
0.806	-3.612
0.786	-3.612
0.766	-3.612
0.746	-3.612
0.726	-3.612
0.706	-3.612
0.686	-3.612
0.666	-3.612
0.646	-3.612
0.626	-3.612
0.606	-3.612
0.586	-3.612
0.566	-3.612
0.546	-3.612
0.526	-3.612
0.506	-3.612
0.486	-3.611
0.466	-3.611
0.446	-3.611
0.426	-3.611
0.406	-3.611
0.386	-3.611
0.366	-3.611
0.346	-3.611
0.326	-3.611
0.306	-3.611
0.286	-3.611
0.266	-3.611
0.246	-3.611
0.226	-3.611
0.206	-3.610
0.186	-3.610
0.166	-3.610
0.146	-3.610
0.126	-3.610
0.106	-3.610
0.086	-3.610
0.066	-3.609
0.046	-3.609
0.026	-3.609
0.006	-3.609
-0.014	-3.608
-0.034	-3.608
-0.054	-3.608
-0.074	-3.608
-0.094	-3.608
-0.114	-3.607
-0.134	-3.607
-0.154	-3.607
-0.174	-3.606
-0.194	-3.632
-0.214	-3.632
-0.234	-3.632
-0.254	-3.632
-0.274	-3.632
-0.294	-3.632
-0.314	-3.632
-0.334	-3.632
-0.354	-3.632
-0.374	-3.631
-0.394	-3.632
-0.414	-3.632
-0.434	-3.632
-0.454	-3.631
-0.474	-3.632
-0.494	-3.632
-0.514	-3.632
-0.534	-3.632
-0.554	-3.632
-0.574	-3.631
-0.594	-3.632
-0.614	-3.631
-0.634	-3.631
-0.654	-3.631
-0.674	-3.631
-0.694	-3.631
-0.714	-3.631
-0.734	-3.631
-0.754	-3.631
-0.774	-3.630
-0.794	-3.630
-0.814	-3.630
-0.834	-3.630
-0.854	-3.630
-0.874	-3.630
-0.894	-3.630
-0.914	-3.629
-0.934	-3.630
-0.954	-3.630
-0.974	-3.630
-0.994	-3.630
-1.014	-3.629
-1.034	-3.630
-1.054	-3.629
-1.074	-3.629
-1.094	-3.629
-1.114	-3.629
-1.134	-3.629
-1.154	-3.629
-1.174	-3.629
-1.194	-3.629
-1.214	-3.629
-1.214	-3.629
-1.194	-3.629
-1.174	-3.629
-1.154	-3.629
-1.134	-3.629
-1.114	-3.629
-1.094	-3.629
-1.074	-3.629
-1.054	-3.629
-1.034	-3.629
-1.014	-3.629
-0.994	-3.629
-0.974	-3.629
-0.954	-3.629
-0.934	-3.629
-0.914	-3.629
-0.894	-3.629
-0.874	-3.629
-0.854	-3.629
-0.834	-3.629
-0.814	-3.629
-0.794	-3.629
-0.774	-3.629
-0.754	-3.629
-0.734	-3.630
-0.714	-3.630
-0.694	-3.630
-0.674	-3.630
-0.654	-3.630
-0.634	-3.630
-0.614	-3.630
-0.594	-3.630
-0.574	-3.630
-0.554	-3.630
-0.534	-3.630
-0.514	-3.630
-0.494	-3.631
-0.474	-3.631
-0.454	-3.631
-0.434	-3.631
-0.414	-3.630
-0.394	-3.631
-0.374	-3.631
-0.354	-3.631
-0.334	-3.631
-0.314	-3.631
-0.294	-3.631
-0.274	-3.631
-0.254	-3.631
-0.234	-3.631
-0.214	-3.632
-0.194	-3.631
-0.174	-3.631
-0.154	-3.631
-0.134	-3.631
-0.114	-3.631
-0.094	-3.631
-0.074	-3.631
-0.054	-3.631
-0.034	-3.631
-0.014	-3.631
0.006	-3.631
0.026	-3.632
0.046	-3.631
0.066	-3.632
0.086	-3.632
0.106	-3.632
0.126	-3.632
0.146	-3.632
0.166	-3.633
0.186	-3.607
0.206	-3.607
0.226	-3.607
0.246	-3.608
0.266	-3.608
0.286	-3.608
0.306	-3.608
0.326	-3.609
0.346	-3.609
0.366	-3.609
0.386	-3.609
0.406	-3.610
0.426	-3.610
0.446	-3.610
0.466	-3.610
0.486	-3.610
0.506	-3.610
0.526	-3.611
0.546	-3.611
0.566	-3.611
0.586	-3.611
0.606	-3.611
0.626	-3.611
0.646	-3.611
0.666	-3.612
0.686	-3.612
0.706	-3.612
0.726	-3.612
0.746	-3.612
0.766	-3.612
0.786	-3.612
0.806	-3.612
0.826	-3.612
0.846	-3.612
0.866	-3.612
0.886	-3.612
0.906	-3.612
0.926	-3.612
0.946	-3.612
0.966	-3.612
0.986	-3.612
1.006	-3.613
1.026	-3.612
1.046	-3.612
1.066	-3.613
1.086	-3.613
1.106	-3.612
1.126	-3.613
1.146	-3.613
1.166	-3.612
1.186	-3.612
