1.186	-3.588
1.166	-3.588
1.146	-3.588
1.126	-3.588
1.106	-3.588
1.086	-3.588
1.066	-3.588
1.046	-3.588
1.026	-3.588
1.006	-3.588
0.986	-3.588
0.966	-3.588
0.946	-3.588
0.926	-3.588
0.906	-3.588
0.886	-3.588
0.866	-3.588
0.846	-3.588
0.826	-3.588
0.806	-3.588
0.786	-3.588
0.766	-3.588
0.746	-3.588
0.726	-3.587
0.706	-3.587
0.686	-3.587
0.666	-3.588
0.646	-3.588
0.626	-3.587
0.606	-3.587
0.586	-3.587
0.566	-3.587
0.546	-3.587
0.526	-3.587
0.506	-3.587
0.486	-3.587
0.466	-3.586
0.446	-3.586
0.426	-3.586
0.406	-3.586
0.386	-3.586
0.366	-3.586
0.346	-3.586
0.326	-3.586
0.306	-3.586
0.286	-3.586
0.266	-3.586
0.246	-3.585
0.226	-3.585
0.206	-3.585
0.186	-3.585
0.166	-3.585
0.146	-3.584
0.126	-3.584
0.106	-3.584
0.086	-3.584
0.066	-3.583
0.046	-3.583
0.026	-3.583
0.006	-3.583
-0.014	-3.582
-0.034	-3.582
-0.054	-3.582
-0.074	-3.582
-0.094	-3.581
-0.114	-3.581
-0.134	-3.580
-0.154	-3.580
-0.174	-3.580
-0.194	-3.612
-0.214	-3.613
-0.234	-3.613
-0.254	-3.613
-0.274	-3.612
-0.294	-3.612
-0.314	-3.612
-0.334	-3.612
-0.354	-3.612
-0.374	-3.612
-0.394	-3.612
-0.414	-3.612
-0.434	-3.612
-0.454	-3.612
-0.474	-3.612
-0.494	-3.612
-0.514	-3.612
-0.534	-3.612
-0.554	-3.612
-0.574	-3.612
-0.594	-3.612
-0.614	-3.612
-0.634	-3.612
-0.654	-3.611
-0.674	-3.611
-0.694	-3.611
-0.714	-3.611
-0.734	-3.611
-0.754	-3.611
-0.774	-3.611
-0.794	-3.610
-0.814	-3.610
-0.834	-3.610
-0.854	-3.610
-0.874	-3.610
-0.894	-3.610
-0.914	-3.610
-0.934	-3.610
-0.954	-3.610
-0.974	-3.610
-0.994	-3.610
-1.014	-3.610
-1.034	-3.610
-1.054	-3.610
-1.074	-3.610
-1.094	-3.610
-1.114	-3.609
-1.134	-3.610
-1.154	-3.610
-1.174	-3.609
-1.194	-3.609
-1.214	-3.609
-1.214	-3.609
-1.194	-3.609
-1.174	-3.610
-1.154	-3.609
-1.134	-3.609
-1.114	-3.609
-1.094	-3.610
-1.074	-3.610
-1.054	-3.610
-1.034	-3.609
-1.014	-3.610
-0.994	-3.610
-0.974	-3.609
-0.954	-3.609
-0.934	-3.609
-0.914	-3.609
-0.894	-3.609
-0.874	-3.610
-0.854	-3.610
-0.834	-3.610
-0.814	-3.610
-0.794	-3.610
-0.774	-3.610
-0.754	-3.610
-0.734	-3.610
-0.714	-3.610
-0.694	-3.610
-0.674	-3.610
-0.654	-3.610
-0.634	-3.610
-0.614	-3.611
-0.594	-3.610
-0.574	-3.610
-0.554	-3.610
-0.534	-3.610
-0.514	-3.611
-0.494	-3.611
-0.474	-3.611
-0.454	-3.611
-0.434	-3.611
-0.414	-3.611
-0.394	-3.611
-0.374	-3.611
-0.354	-3.612
-0.334	-3.612
-0.314	-3.611
-0.294	-3.612
-0.274	-3.612
-0.254	-3.612
-0.234	-3.612
-0.214	-3.612
-0.194	-3.612
-0.174	-3.612
-0.154	-3.612
-0.134	-3.611
-0.114	-3.611
-0.094	-3.612
-0.074	-3.611
-0.054	-3.612
-0.034	-3.612
-0.014	-3.612
0.006	-3.612
0.026	-3.612
0.046	-3.612
0.066	-3.612
0.086	-3.613
0.106	-3.613
0.126	-3.613
0.146	-3.613
0.166	-3.613
0.186	-3.580
0.206	-3.581
0.226	-3.581
0.246	-3.581
0.266	-3.581
0.286	-3.582
0.306	-3.582
0.326	-3.582
0.346	-3.583
0.366	-3.583
0.386	-3.583
0.406	-3.584
0.426	-3.584
0.446	-3.584
0.466	-3.584
0.486	-3.585
0.506	-3.585
0.526	-3.585
0.546	-3.585
0.566	-3.585
0.586	-3.586
0.606	-3.586
0.626	-3.586
0.646	-3.586
0.666	-3.586
0.686	-3.586
0.706	-3.586
0.726	-3.587
0.746	-3.587
0.766	-3.587
0.786	-3.587
0.806	-3.587
0.826	-3.587
0.846	-3.587
0.866	-3.587
0.886	-3.587
0.906	-3.588
0.926	-3.588
0.946	-3.588
0.966	-3.588
0.986	-3.588
1.006	-3.588
1.026	-3.588
1.046	-3.588
1.066	-3.588
1.086	-3.588
1.106	-3.588
1.126	-3.588
1.146	-3.588
1.166	-3.588
1.186	-3.588
