1.186	-3.171
1.166	-3.171
1.146	-3.171
1.126	-3.171
1.106	-3.171
1.086	-3.171
1.066	-3.171
1.046	-3.171
1.026	-3.171
1.006	-3.171
0.986	-3.170
0.966	-3.170
0.946	-3.170
0.926	-3.170
0.906	-3.170
0.886	-3.170
0.866	-3.170
0.846	-3.170
0.826	-3.170
0.806	-3.170
0.786	-3.170
0.766	-3.170
0.746	-3.169
0.726	-3.170
0.706	-3.169
0.686	-3.169
0.666	-3.169
0.646	-3.169
0.626	-3.169
0.606	-3.169
0.586	-3.168
0.566	-3.168
0.546	-3.168
0.526	-3.168
0.506	-3.168
0.486	-3.168
0.466	-3.168
0.446	-3.167
0.426	-3.167
0.406	-3.167
0.386	-3.167
0.366	-3.167
0.346	-3.167
0.326	-3.166
0.306	-3.166
0.286	-3.165
0.266	-3.165
0.246	-3.165
0.226	-3.165
0.206	-3.164
0.186	-3.164
0.166	-3.164
0.146	-3.163
0.126	-3.163
0.106	-3.163
0.086	-3.162
0.066	-3.162
0.046	-3.161
0.026	-3.161
0.006	-3.161
-0.014	-3.160
-0.034	-3.160
-0.054	-3.159
-0.074	-3.159
-0.094	-3.158
-0.114	-3.157
-0.134	-3.157
-0.154	-3.156
-0.174	-3.155
-0.194	-3.217
-0.214	-3.217
-0.234	-3.216
-0.254	-3.216
-0.274	-3.216
-0.294	-3.215
-0.314	-3.215
-0.334	-3.215
-0.354	-3.215
-0.374	-3.215
-0.394	-3.215
-0.414	-3.214
-0.434	-3.214
-0.454	-3.214
-0.474	-3.214
-0.494	-3.213
-0.514	-3.214
-0.534	-3.213
-0.554	-3.213
-0.574	-3.213
-0.594	-3.212
-0.614	-3.212
-0.634	-3.212
-0.654	-3.211
-0.674	-3.211
-0.694	-3.211
-0.714	-3.211
-0.734	-3.210
-0.754	-3.211
-0.774	-3.210
-0.794	-3.210
-0.814	-3.209
-0.834	-3.209
-0.854	-3.209
-0.874	-3.209
-0.894	-3.208
-0.914	-3.209
-0.934	-3.208
-0.954	-3.208
-0.974	-3.208
-0.994	-3.208
-1.014	-3.208
-1.034	-3.208
-1.054	-3.207
-1.074	-3.207
-1.094	-3.207
-1.114	-3.207
-1.134	-3.207
-1.154	-3.207
-1.174	-3.207
-1.194	-3.207
-1.214	-3.206
-1.214	-3.206
-1.194	-3.206
-1.174	-3.206
-1.154	-3.206
-1.134	-3.206
-1.114	-3.206
-1.094	-3.206
-1.074	-3.206
-1.054	-3.206
-1.034	-3.207
-1.014	-3.207
-0.994	-3.207
-0.974	-3.207
-0.954	-3.207
-0.934	-3.207
-0.914	-3.207
-0.894	-3.207
-0.874	-3.207
-0.854	-3.207
-0.834	-3.207
-0.814	-3.207
-0.794	-3.207
-0.774	-3.207
-0.754	-3.208
-0.734	-3.208
-0.714	-3.208
-0.694	-3.208
-0.674	-3.208
-0.654	-3.209
-0.634	-3.208
-0.614	-3.209
-0.594	-3.209
-0.574	-3.209
-0.554	-3.209
-0.534	-3.209
-0.514	-3.209
-0.494	-3.210
-0.474	-3.210
-0.454	-3.210
-0.434	-3.211
-0.414	-3.211
-0.394	-3.211
-0.374	-3.211
-0.354	-3.212
-0.334	-3.212
-0.314	-3.212
-0.294	-3.212
-0.274	-3.212
-0.254	-3.212
-0.234	-3.213
-0.214	-3.213
-0.194	-3.213
-0.174	-3.213
-0.154	-3.213
-0.134	-3.213
-0.114	-3.213
-0.094	-3.213
-0.074	-3.214
-0.054	-3.214
-0.034	-3.214
-0.014	-3.214
0.006	-3.214
0.026	-3.215
0.046	-3.215
0.066	-3.215
0.086	-3.216
0.106	-3.216
0.126	-3.216
0.146	-3.217
0.166	-3.217
0.186	-3.157
0.206	-3.156
0.226	-3.157
0.246	-3.157
0.266	-3.158
0.286	-3.159
0.306	-3.159
0.326	-3.160
0.346	-3.160
0.366	-3.161
0.386	-3.161
0.406	-3.162
0.426	-3.162
0.446	-3.163
0.466	-3.163
0.486	-3.163
0.506	-3.164
0.526	-3.164
0.546	-3.164
0.566	-3.165
0.586	-3.165
0.606	-3.166
0.626	-3.166
0.646	-3.166
0.666	-3.166
0.686	-3.167
0.706	-3.167
0.726	-3.167
0.746	-3.168
0.766	-3.168
0.786	-3.168
0.806	-3.168
0.826	-3.168
0.846	-3.169
0.866	-3.169
0.886	-3.169
0.906	-3.169
0.926	-3.169
0.946	-3.169
0.966	-3.170
0.986	-3.170
1.006	-3.170
1.026	-3.170
1.046	-3.170
1.066	-3.170
1.086	-3.170
1.106	-3.171
1.126	-3.171
1.146	-3.171
1.166	-3.171
1.186	-3.171
