1.186	-3.148
1.166	-3.149
1.146	-3.149
1.126	-3.148
1.106	-3.148
1.086	-3.148
1.066	-3.148
1.046	-3.148
1.026	-3.148
1.006	-3.148
0.986	-3.148
0.966	-3.148
0.946	-3.148
0.926	-3.148
0.906	-3.148
0.886	-3.148
0.866	-3.147
0.846	-3.147
0.826	-3.147
0.806	-3.147
0.786	-3.147
0.766	-3.147
0.746	-3.147
0.726	-3.146
0.706	-3.146
0.686	-3.146
0.666	-3.146
0.646	-3.146
0.626	-3.146
0.606	-3.146
0.586	-3.145
0.566	-3.145
0.546	-3.145
0.526	-3.145
0.506	-3.145
0.486	-3.144
0.466	-3.144
0.446	-3.144
0.426	-3.144
0.406	-3.143
0.386	-3.143
0.366	-3.143
0.346	-3.142
0.326	-3.142
0.306	-3.142
0.286	-3.141
0.266	-3.141
0.246	-3.141
0.226	-3.140
0.206	-3.140
0.186	-3.139
0.166	-3.139
0.146	-3.139
0.126	-3.138
0.106	-3.138
0.086	-3.138
0.066	-3.137
0.046	-3.137
0.026	-3.136
0.006	-3.136
-0.014	-3.135
-0.034	-3.135
-0.054	-3.134
-0.074	-3.133
-0.094	-3.133
-0.114	-3.132
-0.134	-3.132
-0.154	-3.131
-0.174	-3.130
-0.194	-3.197
-0.214	-3.198
-0.234	-3.198
-0.254	-3.198
-0.274	-3.197
-0.294	-3.197
-0.314	-3.197
-0.334	-3.196
-0.354	-3.196
-0.374	-3.196
-0.394	-3.196
-0.414	-3.195
-0.434	-3.195
-0.454	-3.195
-0.474	-3.195
-0.494	-3.194
-0.514	-3.194
-0.534	-3.194
-0.554	-3.194
-0.574	-3.193
-0.594	-3.193
-0.614	-3.193
-0.634	-3.192
-0.654	-3.192
-0.674	-3.192
-0.694	-3.191
-0.714	-3.191
-0.734	-3.191
-0.754	-3.190
-0.774	-3.190
-0.794	-3.190
-0.814	-3.189
-0.834	-3.189
-0.854	-3.189
-0.874	-3.188
-0.894	-3.188
-0.914	-3.188
-0.934	-3.188
-0.954	-3.188
-0.974	-3.188
-0.994	-3.187
-1.014	-3.187
-1.034	-3.187
-1.054	-3.187
-1.074	-3.187
-1.094	-3.186
-1.114	-3.186
-1.134	-3.186
-1.154	-3.186
-1.174	-3.186
-1.194	-3.186
-1.214	-3.186
-1.214	-3.185
-1.194	-3.185
-1.174	-3.185
-1.154	-3.185
-1.134	-3.185
-1.114	-3.185
-1.094	-3.185
-1.074	-3.185
-1.054	-3.186
-1.034	-3.186
-1.014	-3.186
-0.994	-3.186
-0.974	-3.186
-0.954	-3.186
-0.934	-3.186
-0.914	-3.186
-0.894	-3.186
-0.874	-3.187
-0.854	-3.187
-0.834	-3.187
-0.814	-3.187
-0.794	-3.187
-0.774	-3.187
-0.754	-3.187
-0.734	-3.187
-0.714	-3.187
-0.694	-3.188
-0.674	-3.188
-0.654	-3.188
-0.634	-3.188
-0.614	-3.189
-0.594	-3.189
-0.574	-3.189
-0.554	-3.189
-0.534	-3.189
-0.514	-3.190
-0.494	-3.190
-0.474	-3.190
-0.454	-3.191
-0.434	-3.191
-0.414	-3.191
-0.394	-3.191
-0.374	-3.191
-0.354	-3.191
-0.334	-3.192
-0.314	-3.192
-0.294	-3.192
-0.274	-3.193
-0.254	-3.193
-0.234	-3.193
-0.214	-3.193
-0.194	-3.193
-0.174	-3.194
-0.154	-3.194
-0.134	-3.194
-0.114	-3.194
-0.094	-3.194
-0.074	-3.195
-0.054	-3.195
-0.034	-3.195
-0.014	-3.196
0.006	-3.196
0.026	-3.196
0.046	-3.196
0.066	-3.197
0.086	-3.197
0.106	-3.197
0.126	-3.198
0.146	-3.198
0.166	-3.199
0.186	-3.135
0.206	-3.131
0.226	-3.132
0.246	-3.132
0.266	-3.133
0.286	-3.134
0.306	-3.134
0.326	-3.135
0.346	-3.135
0.366	-3.136
0.386	-3.136
0.406	-3.137
0.426	-3.138
0.446	-3.138
0.466	-3.138
0.486	-3.139
0.506	-3.139
0.526	-3.139
0.546	-3.140
0.566	-3.140
0.586	-3.141
0.606	-3.141
0.626	-3.142
0.646	-3.142
0.666	-3.143
0.686	-3.143
0.706	-3.143
0.726	-3.144
0.746	-3.144
0.766	-3.144
0.786	-3.144
0.806	-3.145
0.826	-3.145
0.846	-3.145
0.866	-3.145
0.886	-3.146
0.906	-3.146
0.926	-3.146
0.946	-3.146
0.966	-3.146
0.986	-3.147
1.006	-3.147
1.026	-3.147
1.046	-3.148
1.066	-3.148
1.086	-3.148
1.106	-3.148
1.126	-3.148
1.146	-3.148
1.166	-3.148
1.186	-3.149
