1.186	-4.472
1.166	-4.472
1.146	-4.472
1.126	-4.472
1.106	-4.472
1.086	-4.472
1.066	-4.472
1.046	-4.472
1.026	-4.472
1.006	-4.472
0.986	-4.472
0.966	-4.472
0.946	-4.472
0.926	-4.472
0.906	-4.472
0.886	-4.471
0.866	-4.471
0.846	-4.472
0.826	-4.472
0.806	-4.472
0.786	-4.472
0.766	-4.471
0.746	-4.471
0.726	-4.471
0.706	-4.471
0.686	-4.471
0.666	-4.471
0.646	-4.471
0.626	-4.471
0.606	-4.471
0.586	-4.471
0.566	-4.471
0.546	-4.471
0.526	-4.471
0.506	-4.471
0.486	-4.471
0.466	-4.471
0.446	-4.471
0.426	-4.470
0.406	-4.471
0.386	-4.471
0.366	-4.471
0.346	-4.471
0.326	-4.470
0.306	-4.470
0.286	-4.471
0.266	-4.471
0.246	-4.470
0.226	-4.470
0.206	-4.471
0.186	-4.470
0.166	-4.470
0.146	-4.470
0.126	-4.469
0.106	-4.470
0.086	-4.470
0.066	-4.470
0.046	-4.470
0.026	-4.469
0.006	-4.470
-0.014	-4.470
-0.034	-4.470
-0.054	-4.470
-0.074	-4.469
-0.094	-4.469
-0.114	-4.469
-0.134	-4.469
-0.154	-4.469
-0.174	-4.469
-0.194	-4.475
-0.214	-4.475
-0.234	-4.475
-0.254	-4.475
-0.274	-4.475
-0.294	-4.475
-0.314	-4.475
-0.334	-4.475
-0.354	-4.475
-0.374	-4.475
-0.394	-4.475
-0.414	-4.475
-0.434	-4.475
-0.454	-4.475
-0.474	-4.475
-0.494	-4.475
-0.514	-4.475
-0.534	-4.475
-0.554	-4.475
-0.574	-4.475
-0.594	-4.475
-0.614	-4.475
-0.634	-4.475
-0.654	-4.475
-0.674	-4.475
-0.694	-4.475
-0.714	-4.475
-0.734	-4.475
-0.754	-4.475
-0.774	-4.475
-0.794	-4.475
-0.814	-4.475
-0.834	-4.475
-0.854	-4.475
-0.874	-4.475
-0.894	-4.475
-0.914	-4.475
-0.934	-4.475
-0.954	-4.475
-0.974	-4.475
-0.994	-4.475
-1.014	-4.475
-1.034	-4.476
-1.054	-4.475
-1.074	-4.475
-1.094	-4.476
-1.114	-4.476
-1.134	-4.476
-1.154	-4.475
-1.174	-4.476
-1.194	-4.475
-1.214	-4.475
-1.214	-4.476
-1.194	-4.476
-1.174	-4.476
-1.154	-4.475
-1.134	-4.475
-1.114	-4.476
-1.094	-4.476
-1.074	-4.475
-1.054	-4.476
-1.034	-4.476
-1.014	-4.475
-0.994	-4.476
-0.974	-4.476
-0.954	-4.475
-0.934	-4.475
-0.914	-4.475
-0.894	-4.475
-0.874	-4.476
-0.854	-4.475
-0.834	-4.475
-0.814	-4.475
-0.794	-4.476
-0.774	-4.476
-0.754	-4.476
-0.734	-4.475
-0.714	-4.475
-0.694	-4.475
-0.674	-4.475
-0.654	-4.475
-0.634	-4.475
-0.614	-4.475
-0.594	-4.475
-0.574	-4.475
-0.554	-4.475
-0.534	-4.475
-0.514	-4.475
-0.494	-4.475
-0.474	-4.475
-0.454	-4.475
-0.434	-4.475
-0.414	-4.475
-0.394	-4.475
-0.374	-4.475
-0.354	-4.475
-0.334	-4.475
-0.314	-4.475
-0.294	-4.475
-0.274	-4.475
-0.254	-4.475
-0.234	-4.475
-0.214	-4.475
-0.194	-4.475
-0.174	-4.475
-0.154	-4.475
-0.134	-4.475
-0.114	-4.475
-0.094	-4.475
-0.074	-4.475
-0.054	-4.475
-0.034	-4.475
-0.014	-4.475
0.006	-4.475
0.026	-4.475
0.046	-4.475
0.066	-4.475
0.086	-4.475
0.106	-4.475
0.126	-4.475
0.146	-4.475
0.166	-4.475
0.186	-4.469
0.206	-4.469
0.226	-4.469
0.246	-4.469
0.266	-4.470
0.286	-4.469
0.306	-4.470
0.326	-4.470
0.346	-4.470
0.366	-4.470
0.386	-4.470
0.406	-4.470
0.426	-4.470
0.446	-4.470
0.466	-4.470
0.486	-4.470
0.506	-4.470
0.526	-4.470
0.546	-4.470
0.566	-4.470
0.586	-4.471
0.606	-4.471
0.626	-4.470
0.646	-4.470
0.666	-4.471
0.686	-4.471
0.706	-4.471
0.726	-4.470
0.746	-4.471
0.766	-4.471
0.786	-4.471
0.806	-4.471
0.826	-4.471
0.846	-4.471
0.866	-4.471
0.886	-4.471
0.906	-4.471
0.926	-4.471
0.946	-4.471
0.966	-4.471
0.986	-4.471
1.006	-4.471
1.026	-4.472
1.046	-4.472
1.066	-4.472
1.086	-4.472
1.106	-4.472
1.126	-4.472
1.146	-4.472
1.166	-4.472
1.186	-4.472
