1.186	-3.415
1.166	-3.416
1.146	-3.416
1.126	-3.416
1.106	-3.416
1.086	-3.417
1.066	-3.416
1.046	-3.416
1.026	-3.415
1.006	-3.415
0.986	-3.415
0.966	-3.415
0.946	-3.415
0.926	-3.415
0.906	-3.414
0.886	-3.415
0.866	-3.414
0.846	-3.413
0.826	-3.414
0.806	-3.414
0.786	-3.413
0.766	-3.414
0.746	-3.413
0.726	-3.413
0.706	-3.413
0.686	-3.413
0.666	-3.413
0.646	-3.412
0.626	-3.411
0.606	-3.412
0.586	-3.411
0.566	-3.411
0.546	-3.411
0.526	-3.411
0.506	-3.410
0.486	-3.410
0.466	-3.409
0.446	-3.410
0.426	-3.409
0.406	-3.409
0.386	-3.409
0.366	-3.408
0.346	-3.408
0.326	-3.408
0.306	-3.407
0.286	-3.407
0.266	-3.407
0.246	-3.406
0.226	-3.406
0.206	-3.405
0.186	-3.404
0.166	-3.404
0.146	-3.404
0.126	-3.403
0.106	-3.403
0.086	-3.402
0.066	-3.402
0.046	-3.401
0.026	-3.401
0.006	-3.400
-0.014	-3.400
-0.034	-3.400
-0.054	-3.399
-0.074	-3.399
-0.094	-3.398
-0.114	-3.397
-0.134	-3.397
-0.154	-3.396
-0.174	-3.396
-0.194	-3.462
-0.214	-3.464
-0.234	-3.463
-0.254	-3.463
-0.274	-3.462
-0.294	-3.462
-0.314	-3.461
-0.334	-3.461
-0.354	-3.461
-0.374	-3.461
-0.394	-3.460
-0.414	-3.459
-0.434	-3.460
-0.454	-3.459
-0.474	-3.460
-0.494	-3.459
-0.514	-3.459
-0.534	-3.458
-0.554	-3.458
-0.574	-3.458
-0.594	-3.457
-0.614	-3.456
-0.634	-3.456
-0.654	-3.456
-0.674	-3.456
-0.694	-3.455
-0.714	-3.455
-0.734	-3.454
-0.754	-3.454
-0.774	-3.454
-0.794	-3.453
-0.814	-3.453
-0.834	-3.453
-0.854	-3.453
-0.874	-3.452
-0.894	-3.452
-0.914	-3.452
-0.934	-3.451
-0.954	-3.451
-0.974	-3.451
-0.994	-3.451
-1.014	-3.450
-1.034	-3.450
-1.054	-3.450
-1.074	-3.449
-1.094	-3.449
-1.114	-3.449
-1.134	-3.449
-1.154	-3.449
-1.174	-3.448
-1.194	-3.448
-1.214	-3.448
-1.214	-3.448
-1.194	-3.448
-1.174	-3.448
-1.154	-3.448
-1.134	-3.449
-1.114	-3.448
-1.094	-3.448
-1.074	-3.449
-1.054	-3.448
-1.034	-3.448
-1.014	-3.449
-0.994	-3.449
-0.974	-3.449
-0.954	-3.449
-0.934	-3.449
-0.914	-3.449
-0.894	-3.449
-0.874	-3.449
-0.854	-3.449
-0.834	-3.449
-0.814	-3.450
-0.794	-3.450
-0.774	-3.450
-0.754	-3.450
-0.734	-3.451
-0.714	-3.451
-0.694	-3.451
-0.674	-3.451
-0.654	-3.452
-0.634	-3.452
-0.614	-3.452
-0.594	-3.452
-0.574	-3.453
-0.554	-3.452
-0.534	-3.453
-0.514	-3.453
-0.494	-3.453
-0.474	-3.454
-0.454	-3.454
-0.434	-3.455
-0.414	-3.454
-0.394	-3.455
-0.374	-3.455
-0.354	-3.456
-0.334	-3.456
-0.314	-3.456
-0.294	-3.457
-0.274	-3.457
-0.254	-3.457
-0.234	-3.458
-0.214	-3.457
-0.194	-3.457
-0.174	-3.458
-0.154	-3.458
-0.134	-3.458
-0.114	-3.458
-0.094	-3.459
-0.074	-3.459
-0.054	-3.459
-0.034	-3.460
-0.014	-3.460
0.006	-3.460
0.026	-3.460
0.046	-3.461
0.066	-3.462
0.086	-3.463
0.106	-3.462
0.126	-3.463
0.146	-3.463
0.166	-3.463
0.186	-3.406
0.206	-3.396
0.226	-3.396
0.246	-3.397
0.266	-3.398
0.286	-3.398
0.306	-3.399
0.326	-3.400
0.346	-3.400
0.366	-3.400
0.386	-3.401
0.406	-3.401
0.426	-3.402
0.446	-3.403
0.466	-3.403
0.486	-3.404
0.506	-3.405
0.526	-3.404
0.546	-3.405
0.566	-3.405
0.586	-3.405
0.606	-3.406
0.626	-3.407
0.646	-3.407
0.666	-3.408
0.686	-3.408
0.706	-3.408
0.726	-3.409
0.746	-3.409
0.766	-3.409
0.786	-3.410
0.806	-3.410
0.826	-3.410
0.846	-3.411
0.866	-3.412
0.886	-3.412
0.906	-3.413
0.926	-3.412
0.946	-3.413
0.966	-3.413
0.986	-3.413
1.006	-3.413
1.026	-3.413
1.046	-3.414
1.066	-3.414
1.086	-3.414
1.106	-3.414
1.126	-3.414
1.146	-3.415
1.166	-3.415
1.186	-3.416
