1.186	-3.369
1.166	-3.370
1.146	-3.371
1.126	-3.372
1.106	-3.372
1.086	-3.373
1.066	-3.372
1.046	-3.372
1.026	-3.371
1.006	-3.372
0.986	-3.371
0.966	-3.371
0.946	-3.370
0.926	-3.370
0.906	-3.370
0.886	-3.369
0.866	-3.369
0.846	-3.369
0.826	-3.369
0.806	-3.368
0.786	-3.368
0.766	-3.367
0.746	-3.367
0.726	-3.367
0.706	-3.366
0.686	-3.366
0.666	-3.366
0.646	-3.365
0.626	-3.364
0.606	-3.365
0.586	-3.364
0.566	-3.363
0.546	-3.363
0.526	-3.363
0.506	-3.362
0.486	-3.362
0.466	-3.361
0.446	-3.361
0.426	-3.360
0.406	-3.360
0.386	-3.359
0.366	-3.359
0.346	-3.358
0.326	-3.358
0.306	-3.357
0.286	-3.356
0.266	-3.356
0.246	-3.356
0.226	-3.356
0.206	-3.355
0.186	-3.354
0.166	-3.354
0.146	-3.353
0.126	-3.353
0.106	-3.352
0.086	-3.352
0.066	-3.351
0.046	-3.350
0.026	-3.350
0.006	-3.348
-0.014	-3.348
-0.034	-3.348
-0.054	-3.347
-0.074	-3.347
-0.094	-3.346
-0.114	-3.345
-0.134	-3.345
-0.154	-3.345
-0.174	-3.346
-0.194	-3.393
-0.214	-3.413
-0.234	-3.416
-0.254	-3.419
-0.274	-3.419
-0.294	-3.420
-0.314	-3.423
-0.334	-3.420
-0.354	-3.419
-0.374	-3.423
-0.394	-3.419
-0.414	-3.421
-0.434	-3.420
-0.454	-3.418
-0.474	-3.421
-0.494	-3.417
-0.514	-3.419
-0.534	-3.418
-0.554	-3.417
-0.574	-3.418
-0.594	-3.417
-0.614	-3.417
-0.634	-3.416
-0.654	-3.416
-0.674	-3.415
-0.694	-3.415
-0.714	-3.414
-0.734	-3.413
-0.754	-3.412
-0.774	-3.412
-0.794	-3.411
-0.814	-3.411
-0.834	-3.411
-0.854	-3.411
-0.874	-3.411
-0.894	-3.410
-0.914	-3.410
-0.934	-3.409
-0.954	-3.408
-0.974	-3.408
-0.994	-3.409
-1.014	-3.408
-1.034	-3.407
-1.054	-3.407
-1.074	-3.407
-1.094	-3.407
-1.114	-3.407
-1.134	-3.406
-1.154	-3.406
-1.174	-3.405
-1.194	-3.405
-1.214	-3.406
-1.214	-3.405
-1.194	-3.405
-1.174	-3.405
-1.154	-3.405
-1.134	-3.405
-1.114	-3.405
-1.094	-3.405
-1.074	-3.405
-1.054	-3.406
-1.034	-3.406
-1.014	-3.406
-0.994	-3.406
-0.974	-3.406
-0.954	-3.406
-0.934	-3.407
-0.914	-3.406
-0.894	-3.406
-0.874	-3.406
-0.854	-3.407
-0.834	-3.407
-0.814	-3.407
-0.794	-3.407
-0.774	-3.408
-0.754	-3.408
-0.734	-3.408
-0.714	-3.409
-0.694	-3.409
-0.674	-3.410
-0.654	-3.410
-0.634	-3.410
-0.614	-3.411
-0.594	-3.410
-0.574	-3.411
-0.554	-3.412
-0.534	-3.412
-0.514	-3.412
-0.494	-3.412
-0.474	-3.413
-0.454	-3.413
-0.434	-3.413
-0.414	-3.414
-0.394	-3.415
-0.374	-3.414
-0.354	-3.415
-0.334	-3.416
-0.314	-3.416
-0.294	-3.416
-0.274	-3.417
-0.254	-3.417
-0.234	-3.418
-0.214	-3.417
-0.194	-3.418
-0.174	-3.418
-0.154	-3.418
-0.134	-3.419
-0.114	-3.419
-0.094	-3.419
-0.074	-3.419
-0.054	-3.419
-0.034	-3.420
-0.014	-3.420
0.006	-3.421
0.026	-3.421
0.046	-3.422
0.066	-3.422
0.086	-3.423
0.106	-3.423
0.126	-3.424
0.146	-3.424
0.166	-3.425
0.186	-3.373
0.206	-3.356
0.226	-3.354
0.246	-3.352
0.266	-3.351
0.286	-3.351
0.306	-3.353
0.326	-3.352
0.346	-3.353
0.366	-3.353
0.386	-3.354
0.406	-3.355
0.426	-3.355
0.446	-3.356
0.466	-3.356
0.486	-3.358
0.506	-3.358
0.526	-3.358
0.546	-3.359
0.566	-3.359
0.586	-3.360
0.606	-3.361
0.626	-3.361
0.646	-3.362
0.666	-3.363
0.686	-3.363
0.706	-3.364
0.726	-3.364
0.746	-3.365
0.766	-3.365
0.786	-3.365
0.806	-3.366
0.826	-3.367
0.846	-3.368
0.866	-3.368
0.886	-3.368
0.906	-3.370
0.926	-3.370
0.946	-3.371
0.966	-3.372
0.986	-3.372
1.006	-3.372
1.026	-3.373
1.046	-3.373
1.066	-3.374
1.086	-3.374
1.106	-3.376
1.126	-3.375
1.146	-3.375
1.166	-3.376
1.186	-3.377
