1.186	-3.299
1.166	-3.297
1.146	-3.295
1.126	-3.295
1.106	-3.296
1.086	-3.295
1.066	-3.296
1.046	-3.296
1.026	-3.296
1.006	-3.297
0.986	-3.296
0.966	-3.297
0.946	-3.297
0.926	-3.298
0.906	-3.298
0.886	-3.298
0.866	-3.299
0.846	-3.299
0.826	-3.299
0.806	-3.300
0.786	-3.300
0.766	-3.301
0.746	-3.301
0.726	-3.302
0.706	-3.302
0.686	-3.303
0.666	-3.304
0.646	-3.304
0.626	-3.304
0.606	-3.306
0.586	-3.306
0.566	-3.307
0.546	-3.307
0.526	-3.308
0.506	-3.308
0.486	-3.309
0.466	-3.310
0.446	-3.310
0.426	-3.311
0.406	-3.312
0.386	-3.312
0.366	-3.312
0.346	-3.313
0.326	-3.314
0.306	-3.315
0.286	-3.316
0.266	-3.316
0.246	-3.317
0.226	-3.318
0.206	-3.318
0.186	-3.319
0.166	-3.320
0.146	-3.321
0.126	-3.322
0.106	-3.322
0.086	-3.323
0.066	-3.323
0.046	-3.324
0.026	-3.324
0.006	-3.326
-0.014	-3.326
-0.034	-3.327
-0.054	-3.328
-0.074	-3.328
-0.094	-3.329
-0.114	-3.330
-0.134	-3.331
-0.154	-3.332
-0.174	-3.332
-0.194	-3.308
-0.214	-3.306
-0.234	-3.298
-0.254	-3.287
-0.274	-3.274
-0.294	-3.270
-0.314	-3.270
-0.334	-3.270
-0.354	-3.271
-0.374	-3.271
-0.394	-3.272
-0.414	-3.273
-0.434	-3.274
-0.454	-3.274
-0.474	-3.275
-0.494	-3.276
-0.514	-3.277
-0.534	-3.278
-0.554	-3.278
-0.574	-3.279
-0.594	-3.280
-0.614	-3.281
-0.634	-3.282
-0.654	-3.282
-0.674	-3.283
-0.694	-3.283
-0.714	-3.284
-0.734	-3.285
-0.754	-3.285
-0.774	-3.286
-0.794	-3.287
-0.814	-3.287
-0.834	-3.287
-0.854	-3.288
-0.874	-3.289
-0.894	-3.289
-0.914	-3.289
-0.934	-3.290
-0.954	-3.291
-0.974	-3.292
-0.994	-3.292
-1.014	-3.293
-1.034	-3.294
-1.054	-3.294
-1.074	-3.295
-1.094	-3.295
-1.114	-3.296
-1.134	-3.296
-1.154	-3.296
-1.174	-3.296
-1.194	-3.297
-1.214	-3.297
-1.214	-3.297
-1.194	-3.297
-1.174	-3.297
-1.154	-3.297
-1.134	-3.297
-1.114	-3.297
-1.094	-3.297
-1.074	-3.297
-1.054	-3.297
-1.034	-3.296
-1.014	-3.296
-0.994	-3.296
-0.974	-3.296
-0.954	-3.296
-0.934	-3.295
-0.914	-3.295
-0.894	-3.295
-0.874	-3.294
-0.854	-3.294
-0.834	-3.293
-0.814	-3.293
-0.794	-3.293
-0.774	-3.292
-0.754	-3.292
-0.734	-3.291
-0.714	-3.291
-0.694	-3.290
-0.674	-3.290
-0.654	-3.290
-0.634	-3.289
-0.614	-3.289
-0.594	-3.289
-0.574	-3.288
-0.554	-3.288
-0.534	-3.288
-0.514	-3.287
-0.494	-3.287
-0.474	-3.286
-0.454	-3.285
-0.434	-3.285
-0.414	-3.283
-0.394	-3.283
-0.374	-3.283
-0.354	-3.282
-0.334	-3.281
-0.314	-3.281
-0.294	-3.280
-0.274	-3.280
-0.254	-3.280
-0.234	-3.279
-0.214	-3.279
-0.194	-3.277
-0.174	-3.277
-0.154	-3.277
-0.134	-3.276
-0.114	-3.275
-0.094	-3.274
-0.074	-3.273
-0.054	-3.272
-0.034	-3.271
-0.014	-3.271
0.006	-3.270
0.026	-3.269
0.046	-3.268
0.066	-3.268
0.086	-3.267
0.106	-3.267
0.126	-3.266
0.146	-3.265
0.166	-3.266
0.186	-3.293
0.206	-3.296
0.226	-3.304
0.246	-3.318
0.266	-3.326
0.286	-3.329
0.306	-3.328
0.326	-3.327
0.346	-3.326
0.366	-3.325
0.386	-3.324
0.406	-3.324
0.426	-3.323
0.446	-3.322
0.466	-3.321
0.486	-3.320
0.506	-3.320
0.526	-3.319
0.546	-3.318
0.566	-3.317
0.586	-3.317
0.606	-3.316
0.626	-3.315
0.646	-3.314
0.666	-3.313
0.686	-3.313
0.706	-3.312
0.726	-3.311
0.746	-3.310
0.766	-3.309
0.786	-3.308
0.806	-3.307
0.826	-3.306
0.846	-3.305
0.866	-3.305
0.886	-3.304
0.906	-3.303
0.926	-3.302
0.946	-3.301
0.966	-3.301
0.986	-3.301
1.006	-3.300
1.026	-3.299
1.046	-3.298
1.066	-3.298
1.086	-3.297
1.106	-3.297
1.126	-3.296
1.146	-3.295
1.166	-3.295
1.186	-3.294
