1.186	-3.573
1.166	-3.573
1.146	-3.572
1.126	-3.570
1.106	-3.573
1.086	-3.572
1.066	-3.569
1.046	-3.573
1.026	-3.570
1.006	-3.571
0.986	-3.571
0.966	-3.570
0.946	-3.573
0.926	-3.572
0.906	-3.570
0.886	-3.570
0.866	-3.571
0.846	-3.571
0.826	-3.571
0.806	-3.572
0.786	-3.571
0.766	-3.571
0.746	-3.570
0.726	-3.571
0.706	-3.573
0.686	-3.572
0.666	-3.572
0.646	-3.570
0.626	-3.571
0.606	-3.573
0.586	-3.573
0.566	-3.573
0.546	-3.572
0.526	-3.571
0.506	-3.572
0.486	-3.574
0.466	-3.574
0.446	-3.573
0.426	-3.572
0.406	-3.573
0.386	-3.573
0.366	-3.575
0.346	-3.576
0.326	-3.574
0.306	-3.574
0.286	-3.576
0.266	-3.577
0.246	-3.576
0.226	-3.575
0.206	-3.575
0.186	-3.577
0.166	-3.578
0.146	-3.577
0.126	-3.578
0.106	-3.577
0.086	-3.577
0.066	-3.579
0.046	-3.580
0.026	-3.582
0.006	-3.580
-0.014	-3.578
-0.034	-3.582
-0.054	-3.582
-0.074	-3.582
-0.094	-3.583
-0.114	-3.584
-0.134	-3.583
-0.154	-3.583
-0.174	-3.584
-0.194	-3.559
-0.214	-3.541
-0.234	-3.539
-0.254	-3.540
-0.274	-3.539
-0.294	-3.541
-0.314	-3.540
-0.334	-3.543
-0.354	-3.544
-0.374	-3.542
-0.394	-3.544
-0.414	-3.542
-0.434	-3.546
-0.454	-3.547
-0.474	-3.545
-0.494	-3.548
-0.514	-3.547
-0.534	-3.548
-0.554	-3.550
-0.574	-3.550
-0.594	-3.551
-0.614	-3.551
-0.634	-3.551
-0.654	-3.552
-0.674	-3.553
-0.694	-3.553
-0.714	-3.554
-0.734	-3.556
-0.754	-3.555
-0.774	-3.556
-0.794	-3.557
-0.814	-3.556
-0.834	-3.559
-0.854	-3.559
-0.874	-3.558
-0.894	-3.560
-0.914	-3.561
-0.934	-3.560
-0.954	-3.562
-0.974	-3.561
-0.994	-3.564
-1.014	-3.564
-1.034	-3.563
-1.054	-3.565
-1.074	-3.565
-1.094	-3.566
-1.114	-3.566
-1.134	-3.568
-1.154	-3.571
-1.174	-3.568
-1.194	-3.568
-1.214	-3.569
-1.214	-3.570
-1.194	-3.571
-1.174	-3.571
-1.154	-3.570
-1.134	-3.570
-1.114	-3.568
-1.094	-3.571
-1.074	-3.569
-1.054	-3.569
-1.034	-3.570
-1.014	-3.568
-0.994	-3.567
-0.974	-3.567
-0.954	-3.566
-0.934	-3.567
-0.914	-3.567
-0.894	-3.566
-0.874	-3.566
-0.854	-3.564
-0.834	-3.565
-0.814	-3.565
-0.794	-3.563
-0.774	-3.565
-0.754	-3.561
-0.734	-3.563
-0.714	-3.563
-0.694	-3.560
-0.674	-3.563
-0.654	-3.561
-0.634	-3.560
-0.614	-3.561
-0.594	-3.558
-0.574	-3.560
-0.554	-3.559
-0.534	-3.558
-0.514	-3.558
-0.494	-3.558
-0.474	-3.556
-0.454	-3.555
-0.434	-3.555
-0.414	-3.556
-0.394	-3.555
-0.374	-3.554
-0.354	-3.554
-0.334	-3.552
-0.314	-3.553
-0.294	-3.551
-0.274	-3.551
-0.254	-3.553
-0.234	-3.550
-0.214	-3.550
-0.194	-3.548
-0.174	-3.547
-0.154	-3.548
-0.134	-3.547
-0.114	-3.546
-0.094	-3.545
-0.074	-3.543
-0.054	-3.543
-0.034	-3.544
-0.014	-3.543
0.006	-3.542
0.026	-3.542
0.046	-3.540
0.066	-3.541
0.086	-3.539
0.106	-3.540
0.126	-3.539
0.146	-3.538
0.166	-3.536
0.186	-3.546
0.206	-3.583
0.226	-3.582
0.246	-3.582
0.266	-3.582
0.286	-3.582
0.306	-3.580
0.326	-3.578
0.346	-3.578
0.366	-3.579
0.386	-3.579
0.406	-3.577
0.426	-3.578
0.446	-3.575
0.466	-3.576
0.486	-3.576
0.506	-3.575
0.526	-3.576
0.546	-3.574
0.566	-3.574
0.586	-3.574
0.606	-3.573
0.626	-3.573
0.646	-3.572
0.666	-3.572
0.686	-3.573
0.706	-3.572
0.726	-3.573
0.746	-3.571
0.766	-3.571
0.786	-3.572
0.806	-3.572
0.826	-3.571
0.846	-3.570
0.866	-3.570
0.886	-3.570
0.906	-3.571
0.926	-3.571
0.946	-3.570
0.966	-3.569
0.986	-3.569
1.006	-3.570
1.026	-3.570
1.046	-3.569
1.066	-3.569
1.086	-3.569
1.106	-3.569
1.126	-3.570
1.146	-3.569
1.166	-3.570
1.186	-3.571
