1.186	-3.130
1.166	-3.128
1.146	-3.128
1.126	-3.127
1.106	-3.127
1.086	-3.127
1.066	-3.126
1.046	-3.127
1.026	-3.127
1.006	-3.127
0.986	-3.127
0.966	-3.127
0.946	-3.128
0.926	-3.128
0.906	-3.129
0.886	-3.129
0.866	-3.129
0.846	-3.129
0.826	-3.130
0.806	-3.131
0.786	-3.131
0.766	-3.131
0.746	-3.131
0.726	-3.132
0.706	-3.132
0.686	-3.132
0.666	-3.132
0.646	-3.132
0.626	-3.133
0.606	-3.134
0.586	-3.134
0.566	-3.134
0.546	-3.134
0.526	-3.135
0.506	-3.136
0.486	-3.136
0.466	-3.136
0.446	-3.137
0.426	-3.137
0.406	-3.138
0.386	-3.140
0.366	-3.139
0.346	-3.140
0.326	-3.140
0.306	-3.140
0.286	-3.141
0.266	-3.141
0.246	-3.142
0.226	-3.142
0.206	-3.143
0.186	-3.143
0.166	-3.144
0.146	-3.145
0.126	-3.145
0.106	-3.147
0.086	-3.148
0.066	-3.147
0.046	-3.148
0.026	-3.149
0.006	-3.150
-0.014	-3.151
-0.034	-3.151
-0.054	-3.152
-0.074	-3.153
-0.094	-3.153
-0.114	-3.154
-0.134	-3.155
-0.154	-3.155
-0.174	-3.156
-0.194	-3.124
-0.214	-3.099
-0.234	-3.099
-0.254	-3.100
-0.274	-3.101
-0.294	-3.102
-0.314	-3.103
-0.334	-3.103
-0.354	-3.104
-0.374	-3.104
-0.394	-3.105
-0.414	-3.106
-0.434	-3.108
-0.454	-3.108
-0.474	-3.107
-0.494	-3.109
-0.514	-3.109
-0.534	-3.110
-0.554	-3.110
-0.574	-3.110
-0.594	-3.111
-0.614	-3.111
-0.634	-3.111
-0.654	-3.112
-0.674	-3.112
-0.694	-3.113
-0.714	-3.113
-0.734	-3.113
-0.754	-3.114
-0.774	-3.113
-0.794	-3.114
-0.814	-3.115
-0.834	-3.115
-0.854	-3.116
-0.874	-3.115
-0.894	-3.115
-0.914	-3.116
-0.934	-3.116
-0.954	-3.116
-0.974	-3.116
-0.994	-3.116
-1.014	-3.116
-1.034	-3.116
-1.054	-3.117
-1.074	-3.117
-1.094	-3.117
-1.114	-3.118
-1.134	-3.118
-1.154	-3.118
-1.174	-3.118
-1.194	-3.118
-1.214	-3.118
-1.214	-3.119
-1.194	-3.119
-1.174	-3.118
-1.154	-3.118
-1.134	-3.118
-1.114	-3.118
-1.094	-3.118
-1.074	-3.118
-1.054	-3.118
-1.034	-3.118
-1.014	-3.118
-0.994	-3.117
-0.974	-3.117
-0.954	-3.117
-0.934	-3.117
-0.914	-3.118
-0.894	-3.117
-0.874	-3.117
-0.854	-3.117
-0.834	-3.117
-0.814	-3.118
-0.794	-3.117
-0.774	-3.117
-0.754	-3.117
-0.734	-3.116
-0.714	-3.116
-0.694	-3.116
-0.674	-3.116
-0.654	-3.115
-0.634	-3.115
-0.614	-3.114
-0.594	-3.115
-0.574	-3.114
-0.554	-3.114
-0.534	-3.115
-0.514	-3.114
-0.494	-3.114
-0.474	-3.114
-0.454	-3.114
-0.434	-3.114
-0.414	-3.114
-0.394	-3.114
-0.374	-3.114
-0.354	-3.113
-0.334	-3.113
-0.314	-3.111
-0.294	-3.111
-0.274	-3.112
-0.254	-3.111
-0.234	-3.110
-0.214	-3.109
-0.194	-3.109
-0.174	-3.109
-0.154	-3.109
-0.134	-3.108
-0.114	-3.107
-0.094	-3.107
-0.074	-3.106
-0.054	-3.106
-0.034	-3.106
-0.014	-3.106
0.006	-3.104
0.026	-3.104
0.046	-3.104
0.066	-3.103
0.086	-3.102
0.106	-3.101
0.126	-3.101
0.146	-3.101
0.166	-3.100
0.186	-3.127
0.206	-3.157
0.226	-3.156
0.246	-3.155
0.266	-3.155
0.286	-3.154
0.306	-3.154
0.326	-3.152
0.346	-3.152
0.366	-3.151
0.386	-3.151
0.406	-3.150
0.426	-3.149
0.446	-3.148
0.466	-3.148
0.486	-3.147
0.506	-3.146
0.526	-3.145
0.546	-3.144
0.566	-3.144
0.586	-3.143
0.606	-3.143
0.626	-3.141
0.646	-3.141
0.666	-3.141
0.686	-3.140
0.706	-3.141
0.726	-3.140
0.746	-3.139
0.766	-3.139
0.786	-3.138
0.806	-3.137
0.826	-3.137
0.846	-3.136
0.866	-3.136
0.886	-3.135
0.906	-3.134
0.926	-3.133
0.946	-3.134
0.966	-3.133
0.986	-3.132
1.006	-3.132
1.026	-3.131
1.046	-3.131
1.066	-3.130
1.086	-3.130
1.106	-3.130
1.126	-3.130
1.146	-3.129
1.166	-3.129
1.186	-3.129
