1.186	-2.968
1.166	-2.966
1.146	-2.967
1.126	-2.965
1.106	-2.965
1.086	-2.965
1.066	-2.965
1.046	-2.965
1.026	-2.965
1.006	-2.965
0.986	-2.966
0.966	-2.965
0.946	-2.966
0.926	-2.966
0.906	-2.965
0.886	-2.966
0.866	-2.967
0.846	-2.966
0.826	-2.967
0.806	-2.967
0.786	-2.967
0.766	-2.968
0.746	-2.968
0.726	-2.967
0.706	-2.969
0.686	-2.968
0.666	-2.969
0.646	-2.969
0.626	-2.968
0.606	-2.969
0.586	-2.969
0.566	-2.969
0.546	-2.970
0.526	-2.970
0.506	-2.971
0.486	-2.971
0.466	-2.971
0.446	-2.972
0.426	-2.972
0.406	-2.972
0.386	-2.973
0.366	-2.973
0.346	-2.973
0.326	-2.974
0.306	-2.974
0.286	-2.975
0.266	-2.975
0.246	-2.975
0.226	-2.976
0.206	-2.976
0.186	-2.976
0.166	-2.977
0.146	-2.978
0.126	-2.978
0.106	-2.979
0.086	-2.979
0.066	-2.980
0.046	-2.980
0.026	-2.982
0.006	-2.982
-0.014	-2.982
-0.034	-2.983
-0.054	-2.984
-0.074	-2.985
-0.094	-2.986
-0.114	-2.986
-0.134	-2.986
-0.154	-2.987
-0.174	-2.988
-0.194	-2.938
-0.214	-2.936
-0.234	-2.937
-0.254	-2.938
-0.274	-2.938
-0.294	-2.939
-0.314	-2.940
-0.334	-2.940
-0.354	-2.941
-0.374	-2.942
-0.394	-2.942
-0.414	-2.943
-0.434	-2.944
-0.454	-2.944
-0.474	-2.944
-0.494	-2.945
-0.514	-2.946
-0.534	-2.946
-0.554	-2.947
-0.574	-2.947
-0.594	-2.947
-0.614	-2.947
-0.634	-2.948
-0.654	-2.948
-0.674	-2.948
-0.694	-2.949
-0.714	-2.949
-0.734	-2.950
-0.754	-2.951
-0.774	-2.950
-0.794	-2.951
-0.814	-2.951
-0.834	-2.951
-0.854	-2.952
-0.874	-2.952
-0.894	-2.953
-0.914	-2.953
-0.934	-2.953
-0.954	-2.953
-0.974	-2.953
-0.994	-2.953
-1.014	-2.954
-1.034	-2.955
-1.054	-2.954
-1.074	-2.954
-1.094	-2.954
-1.114	-2.955
-1.134	-2.956
-1.154	-2.956
-1.174	-2.956
-1.194	-2.956
-1.214	-2.956
-1.214	-2.957
-1.194	-2.956
-1.174	-2.957
-1.154	-2.956
-1.134	-2.956
-1.114	-2.956
-1.094	-2.956
-1.074	-2.956
-1.054	-2.956
-1.034	-2.956
-1.014	-2.956
-0.994	-2.955
-0.974	-2.955
-0.954	-2.955
-0.934	-2.955
-0.914	-2.955
-0.894	-2.955
-0.874	-2.955
-0.854	-2.955
-0.834	-2.954
-0.814	-2.954
-0.794	-2.954
-0.774	-2.954
-0.754	-2.953
-0.734	-2.953
-0.714	-2.954
-0.694	-2.953
-0.674	-2.953
-0.654	-2.952
-0.634	-2.952
-0.614	-2.952
-0.594	-2.951
-0.574	-2.952
-0.554	-2.951
-0.534	-2.951
-0.514	-2.952
-0.494	-2.951
-0.474	-2.951
-0.454	-2.951
-0.434	-2.950
-0.414	-2.950
-0.394	-2.950
-0.374	-2.950
-0.354	-2.949
-0.334	-2.949
-0.314	-2.949
-0.294	-2.948
-0.274	-2.947
-0.254	-2.947
-0.234	-2.947
-0.214	-2.946
-0.194	-2.946
-0.174	-2.945
-0.154	-2.945
-0.134	-2.944
-0.114	-2.944
-0.094	-2.943
-0.074	-2.943
-0.054	-2.942
-0.034	-2.941
-0.014	-2.940
0.006	-2.941
0.026	-2.940
0.046	-2.940
0.066	-2.939
0.086	-2.939
0.106	-2.938
0.126	-2.937
0.146	-2.936
0.166	-2.936
0.186	-2.983
0.206	-2.987
0.226	-2.986
0.246	-2.986
0.266	-2.985
0.286	-2.985
0.306	-2.983
0.326	-2.982
0.346	-2.982
0.366	-2.982
0.386	-2.981
0.406	-2.980
0.426	-2.980
0.446	-2.979
0.466	-2.978
0.486	-2.978
0.506	-2.977
0.526	-2.976
0.546	-2.975
0.566	-2.975
0.586	-2.975
0.606	-2.974
0.626	-2.974
0.646	-2.973
0.666	-2.972
0.686	-2.973
0.706	-2.971
0.726	-2.971
0.746	-2.972
0.766	-2.971
0.786	-2.970
0.806	-2.970
0.826	-2.969
0.846	-2.970
0.866	-2.969
0.886	-2.968
0.906	-2.968
0.926	-2.968
0.946	-2.966
0.966	-2.966
0.986	-2.966
1.006	-2.966
1.026	-2.966
1.046	-2.966
1.066	-2.965
1.086	-2.965
1.106	-2.965
1.126	-2.964
1.146	-2.964
1.166	-2.964
1.186	-2.964
