1.186	-2.779
1.166	-2.778
1.146	-2.778
1.126	-2.777
1.106	-2.777
1.086	-2.778
1.066	-2.778
1.046	-2.778
1.026	-2.778
1.006	-2.778
0.986	-2.778
0.966	-2.778
0.946	-2.778
0.926	-2.778
0.906	-2.779
0.886	-2.779
0.866	-2.779
0.846	-2.779
0.826	-2.780
0.806	-2.780
0.786	-2.780
0.766	-2.780
0.746	-2.780
0.726	-2.780
0.706	-2.781
0.686	-2.781
0.666	-2.781
0.646	-2.781
0.626	-2.781
0.606	-2.781
0.586	-2.782
0.566	-2.783
0.546	-2.783
0.526	-2.783
0.506	-2.784
0.486	-2.784
0.466	-2.784
0.446	-2.785
0.426	-2.785
0.406	-2.786
0.386	-2.786
0.366	-2.786
0.346	-2.786
0.326	-2.787
0.306	-2.787
0.286	-2.788
0.266	-2.788
0.246	-2.788
0.226	-2.789
0.206	-2.789
0.186	-2.789
0.166	-2.789
0.146	-2.790
0.126	-2.791
0.106	-2.791
0.086	-2.792
0.066	-2.793
0.046	-2.793
0.026	-2.794
0.006	-2.794
-0.014	-2.795
-0.034	-2.796
-0.054	-2.796
-0.074	-2.797
-0.094	-2.797
-0.114	-2.798
-0.134	-2.798
-0.154	-2.799
-0.174	-2.799
-0.194	-2.770
-0.214	-2.756
-0.234	-2.757
-0.254	-2.757
-0.274	-2.758
-0.294	-2.758
-0.314	-2.759
-0.334	-2.760
-0.354	-2.760
-0.374	-2.761
-0.394	-2.762
-0.414	-2.762
-0.434	-2.762
-0.454	-2.763
-0.474	-2.763
-0.494	-2.764
-0.514	-2.764
-0.534	-2.764
-0.554	-2.765
-0.574	-2.765
-0.594	-2.765
-0.614	-2.766
-0.634	-2.767
-0.654	-2.766
-0.674	-2.766
-0.694	-2.766
-0.714	-2.767
-0.734	-2.767
-0.754	-2.767
-0.774	-2.768
-0.794	-2.768
-0.814	-2.768
-0.834	-2.769
-0.854	-2.769
-0.874	-2.769
-0.894	-2.769
-0.914	-2.769
-0.934	-2.769
-0.954	-2.769
-0.974	-2.770
-0.994	-2.770
-1.014	-2.770
-1.034	-2.770
-1.054	-2.770
-1.074	-2.771
-1.094	-2.771
-1.114	-2.771
-1.134	-2.771
-1.154	-2.772
-1.174	-2.771
-1.194	-2.771
-1.214	-2.772
-1.214	-2.772
-1.194	-2.772
-1.174	-2.772
-1.154	-2.772
-1.134	-2.772
-1.114	-2.771
-1.094	-2.771
-1.074	-2.771
-1.054	-2.771
-1.034	-2.771
-1.014	-2.771
-0.994	-2.770
-0.974	-2.771
-0.954	-2.770
-0.934	-2.770
-0.914	-2.771
-0.894	-2.770
-0.874	-2.770
-0.854	-2.770
-0.834	-2.770
-0.814	-2.770
-0.794	-2.770
-0.774	-2.770
-0.754	-2.770
-0.734	-2.770
-0.714	-2.769
-0.694	-2.769
-0.674	-2.769
-0.654	-2.769
-0.634	-2.769
-0.614	-2.769
-0.594	-2.768
-0.574	-2.768
-0.554	-2.769
-0.534	-2.769
-0.514	-2.768
-0.494	-2.768
-0.474	-2.768
-0.454	-2.768
-0.434	-2.767
-0.414	-2.767
-0.394	-2.767
-0.374	-2.767
-0.354	-2.767
-0.334	-2.766
-0.314	-2.766
-0.294	-2.766
-0.274	-2.766
-0.254	-2.765
-0.234	-2.765
-0.214	-2.764
-0.194	-2.764
-0.174	-2.764
-0.154	-2.764
-0.134	-2.763
-0.114	-2.763
-0.094	-2.762
-0.074	-2.762
-0.054	-2.761
-0.034	-2.761
-0.014	-2.761
0.006	-2.760
0.026	-2.759
0.046	-2.760
0.066	-2.758
0.086	-2.758
0.106	-2.757
0.126	-2.757
0.146	-2.757
0.166	-2.756
0.186	-2.799
0.206	-2.799
0.226	-2.799
0.246	-2.798
0.266	-2.798
0.286	-2.797
0.306	-2.796
0.326	-2.796
0.346	-2.795
0.366	-2.794
0.386	-2.794
0.406	-2.793
0.426	-2.792
0.446	-2.791
0.466	-2.791
0.486	-2.791
0.506	-2.790
0.526	-2.790
0.546	-2.789
0.566	-2.789
0.586	-2.788
0.606	-2.788
0.626	-2.787
0.646	-2.786
0.666	-2.786
0.686	-2.786
0.706	-2.786
0.726	-2.785
0.746	-2.785
0.766	-2.784
0.786	-2.784
0.806	-2.783
0.826	-2.783
0.846	-2.783
0.866	-2.782
0.886	-2.782
0.906	-2.781
0.926	-2.781
0.946	-2.781
0.966	-2.781
0.986	-2.780
1.006	-2.779
1.026	-2.780
1.046	-2.779
1.066	-2.779
1.086	-2.778
1.106	-2.779
1.126	-2.778
1.146	-2.778
1.166	-2.777
1.186	-2.777
