1.186	-2.576
1.166	-2.575
1.146	-2.575
1.126	-2.575
1.106	-2.575
1.086	-2.575
1.066	-2.575
1.046	-2.575
1.026	-2.575
1.006	-2.575
0.986	-2.575
0.966	-2.575
0.946	-2.576
0.926	-2.576
0.906	-2.575
0.886	-2.576
0.866	-2.576
0.846	-2.576
0.826	-2.577
0.806	-2.576
0.786	-2.576
0.766	-2.577
0.746	-2.577
0.726	-2.577
0.706	-2.577
0.686	-2.578
0.666	-2.578
0.646	-2.578
0.626	-2.578
0.606	-2.579
0.586	-2.579
0.566	-2.580
0.546	-2.579
0.526	-2.580
0.506	-2.579
0.486	-2.580
0.466	-2.581
0.446	-2.581
0.426	-2.581
0.406	-2.581
0.386	-2.581
0.366	-2.582
0.346	-2.582
0.326	-2.583
0.306	-2.583
0.286	-2.583
0.266	-2.583
0.246	-2.584
0.226	-2.585
0.206	-2.586
0.186	-2.586
0.166	-2.585
0.146	-2.586
0.126	-2.586
0.106	-2.587
0.086	-2.588
0.066	-2.588
0.046	-2.588
0.026	-2.589
0.006	-2.589
-0.014	-2.589
-0.034	-2.590
-0.054	-2.591
-0.074	-2.592
-0.094	-2.593
-0.114	-2.593
-0.134	-2.593
-0.154	-2.594
-0.174	-2.595
-0.194	-2.560
-0.214	-2.559
-0.234	-2.558
-0.254	-2.559
-0.274	-2.559
-0.294	-2.560
-0.314	-2.561
-0.334	-2.561
-0.354	-2.561
-0.374	-2.561
-0.394	-2.562
-0.414	-2.563
-0.434	-2.564
-0.454	-2.564
-0.474	-2.564
-0.494	-2.565
-0.514	-2.565
-0.534	-2.565
-0.554	-2.566
-0.574	-2.566
-0.594	-2.566
-0.614	-2.566
-0.634	-2.566
-0.654	-2.567
-0.674	-2.568
-0.694	-2.567
-0.714	-2.568
-0.734	-2.568
-0.754	-2.568
-0.774	-2.568
-0.794	-2.569
-0.814	-2.569
-0.834	-2.569
-0.854	-2.570
-0.874	-2.569
-0.894	-2.569
-0.914	-2.569
-0.934	-2.570
-0.954	-2.570
-0.974	-2.570
-0.994	-2.570
-1.014	-2.571
-1.034	-2.571
-1.054	-2.571
-1.074	-2.570
-1.094	-2.571
-1.114	-2.571
-1.134	-2.571
-1.154	-2.572
-1.174	-2.572
-1.194	-2.572
-1.214	-2.572
-1.214	-2.572
-1.194	-2.572
-1.174	-2.572
-1.154	-2.572
-1.134	-2.572
-1.114	-2.572
-1.094	-2.573
-1.074	-2.571
-1.054	-2.571
-1.034	-2.571
-1.014	-2.571
-0.994	-2.572
-0.974	-2.572
-0.954	-2.571
-0.934	-2.571
-0.914	-2.571
-0.894	-2.571
-0.874	-2.571
-0.854	-2.571
-0.834	-2.571
-0.814	-2.571
-0.794	-2.570
-0.774	-2.570
-0.754	-2.570
-0.734	-2.570
-0.714	-2.570
-0.694	-2.570
-0.674	-2.570
-0.654	-2.569
-0.634	-2.569
-0.614	-2.569
-0.594	-2.570
-0.574	-2.569
-0.554	-2.569
-0.534	-2.569
-0.514	-2.569
-0.494	-2.569
-0.474	-2.569
-0.454	-2.568
-0.434	-2.568
-0.414	-2.567
-0.394	-2.568
-0.374	-2.568
-0.354	-2.568
-0.334	-2.567
-0.314	-2.567
-0.294	-2.567
-0.274	-2.566
-0.254	-2.566
-0.234	-2.566
-0.214	-2.566
-0.194	-2.566
-0.174	-2.565
-0.154	-2.564
-0.134	-2.564
-0.114	-2.564
-0.094	-2.563
-0.074	-2.563
-0.054	-2.562
-0.034	-2.561
-0.014	-2.561
0.006	-2.561
0.026	-2.561
0.046	-2.560
0.066	-2.560
0.086	-2.559
0.106	-2.559
0.126	-2.559
0.146	-2.558
0.166	-2.558
0.186	-2.594
0.206	-2.594
0.226	-2.593
0.246	-2.593
0.266	-2.592
0.286	-2.592
0.306	-2.591
0.326	-2.590
0.346	-2.589
0.366	-2.589
0.386	-2.588
0.406	-2.588
0.426	-2.588
0.446	-2.587
0.466	-2.587
0.486	-2.586
0.506	-2.585
0.526	-2.585
0.546	-2.585
0.566	-2.584
0.586	-2.584
0.606	-2.584
0.626	-2.583
0.646	-2.583
0.666	-2.582
0.686	-2.582
0.706	-2.581
0.726	-2.581
0.746	-2.580
0.766	-2.581
0.786	-2.580
0.806	-2.580
0.826	-2.579
0.846	-2.579
0.866	-2.579
0.886	-2.578
0.906	-2.578
0.926	-2.578
0.946	-2.577
0.966	-2.577
0.986	-2.577
1.006	-2.576
1.026	-2.576
1.046	-2.576
1.066	-2.576
1.086	-2.575
1.106	-2.575
1.126	-2.575
1.146	-2.575
1.166	-2.574
1.186	-2.574
