1.186	-2.403
1.166	-2.403
1.146	-2.403
1.126	-2.403
1.106	-2.403
1.086	-2.403
1.066	-2.403
1.046	-2.403
1.026	-2.404
1.006	-2.403
0.986	-2.403
0.966	-2.404
0.946	-2.404
0.926	-2.404
0.906	-2.404
0.886	-2.405
0.866	-2.405
0.846	-2.405
0.826	-2.405
0.806	-2.405
0.786	-2.405
0.766	-2.405
0.746	-2.405
0.726	-2.405
0.706	-2.406
0.686	-2.406
0.666	-2.406
0.646	-2.406
0.626	-2.406
0.606	-2.406
0.586	-2.406
0.566	-2.406
0.546	-2.406
0.526	-2.407
0.506	-2.407
0.486	-2.408
0.466	-2.408
0.446	-2.408
0.426	-2.408
0.406	-2.409
0.386	-2.409
0.366	-2.409
0.346	-2.409
0.326	-2.410
0.306	-2.409
0.286	-2.410
0.266	-2.410
0.246	-2.411
0.226	-2.410
0.206	-2.411
0.186	-2.411
0.166	-2.412
0.146	-2.412
0.126	-2.412
0.106	-2.413
0.086	-2.413
0.066	-2.413
0.046	-2.413
0.026	-2.414
0.006	-2.414
-0.014	-2.415
-0.034	-2.415
-0.054	-2.416
-0.074	-2.415
-0.094	-2.416
-0.114	-2.416
-0.134	-2.417
-0.154	-2.418
-0.174	-2.418
-0.194	-2.396
-0.214	-2.396
-0.234	-2.396
-0.254	-2.397
-0.274	-2.397
-0.294	-2.398
-0.314	-2.398
-0.334	-2.398
-0.354	-2.399
-0.374	-2.399
-0.394	-2.399
-0.414	-2.399
-0.434	-2.400
-0.454	-2.401
-0.474	-2.401
-0.494	-2.401
-0.514	-2.401
-0.534	-2.402
-0.554	-2.402
-0.574	-2.402
-0.594	-2.402
-0.614	-2.402
-0.634	-2.403
-0.654	-2.403
-0.674	-2.403
-0.694	-2.404
-0.714	-2.404
-0.734	-2.404
-0.754	-2.404
-0.774	-2.404
-0.794	-2.404
-0.814	-2.404
-0.834	-2.404
-0.854	-2.404
-0.874	-2.405
-0.894	-2.404
-0.914	-2.405
-0.934	-2.405
-0.954	-2.405
-0.974	-2.405
-0.994	-2.405
-1.014	-2.406
-1.034	-2.406
-1.054	-2.407
-1.074	-2.407
-1.094	-2.406
-1.114	-2.407
-1.134	-2.407
-1.154	-2.407
-1.174	-2.407
-1.194	-2.407
-1.214	-2.406
-1.214	-2.407
-1.194	-2.407
-1.174	-2.407
-1.154	-2.407
-1.134	-2.407
-1.114	-2.407
-1.094	-2.406
-1.074	-2.407
-1.054	-2.407
-1.034	-2.407
-1.014	-2.407
-0.994	-2.407
-0.974	-2.407
-0.954	-2.406
-0.934	-2.406
-0.914	-2.406
-0.894	-2.406
-0.874	-2.406
-0.854	-2.405
-0.834	-2.405
-0.814	-2.405
-0.794	-2.406
-0.774	-2.405
-0.754	-2.405
-0.734	-2.405
-0.714	-2.405
-0.694	-2.405
-0.674	-2.405
-0.654	-2.405
-0.634	-2.405
-0.614	-2.405
-0.594	-2.405
-0.574	-2.405
-0.554	-2.404
-0.534	-2.404
-0.514	-2.404
-0.494	-2.404
-0.474	-2.404
-0.454	-2.404
-0.434	-2.403
-0.414	-2.404
-0.394	-2.404
-0.374	-2.404
-0.354	-2.403
-0.334	-2.403
-0.314	-2.403
-0.294	-2.403
-0.274	-2.402
-0.254	-2.402
-0.234	-2.402
-0.214	-2.402
-0.194	-2.401
-0.174	-2.401
-0.154	-2.401
-0.134	-2.400
-0.114	-2.399
-0.094	-2.399
-0.074	-2.400
-0.054	-2.399
-0.034	-2.398
-0.014	-2.399
0.006	-2.397
0.026	-2.397
0.046	-2.398
0.066	-2.397
0.086	-2.398
0.106	-2.397
0.126	-2.397
0.146	-2.396
0.166	-2.396
0.186	-2.418
0.206	-2.418
0.226	-2.417
0.246	-2.417
0.266	-2.416
0.286	-2.416
0.306	-2.416
0.326	-2.415
0.346	-2.414
0.366	-2.414
0.386	-2.414
0.406	-2.414
0.426	-2.414
0.446	-2.413
0.466	-2.413
0.486	-2.412
0.506	-2.412
0.526	-2.412
0.546	-2.411
0.566	-2.411
0.586	-2.410
0.606	-2.410
0.626	-2.409
0.646	-2.409
0.666	-2.409
0.686	-2.408
0.706	-2.408
0.726	-2.408
0.746	-2.408
0.766	-2.408
0.786	-2.408
0.806	-2.408
0.826	-2.407
0.846	-2.406
0.866	-2.406
0.886	-2.407
0.906	-2.406
0.926	-2.406
0.946	-2.406
0.966	-2.405
0.986	-2.404
1.006	-2.405
1.026	-2.404
1.046	-2.404
1.066	-2.404
1.086	-2.404
1.106	-2.404
1.126	-2.403
1.146	-2.403
1.166	-2.403
1.186	-2.403
