1.186	-2.185
1.166	-2.185
1.146	-2.185
1.126	-2.185
1.106	-2.185
1.086	-2.185
1.066	-2.185
1.046	-2.185
1.026	-2.185
1.006	-2.186
0.986	-2.185
0.966	-2.185
0.946	-2.185
0.926	-2.185
0.906	-2.185
0.886	-2.186
0.866	-2.186
0.846	-2.186
0.826	-2.185
0.806	-2.185
0.786	-2.186
0.766	-2.186
0.746	-2.187
0.726	-2.186
0.706	-2.186
0.686	-2.186
0.666	-2.186
0.646	-2.187
0.626	-2.187
0.606	-2.187
0.586	-2.187
0.566	-2.187
0.546	-2.188
0.526	-2.187
0.506	-2.187
0.486	-2.188
0.466	-2.187
0.446	-2.187
0.426	-2.188
0.406	-2.188
0.386	-2.188
0.366	-2.188
0.346	-2.188
0.326	-2.189
0.306	-2.189
0.286	-2.189
0.266	-2.190
0.246	-2.191
0.226	-2.190
0.206	-2.190
0.186	-2.190
0.166	-2.190
0.146	-2.190
0.126	-2.191
0.106	-2.191
0.086	-2.191
0.066	-2.192
0.046	-2.191
0.026	-2.191
0.006	-2.192
-0.014	-2.193
-0.034	-2.193
-0.054	-2.193
-0.074	-2.193
-0.094	-2.194
-0.114	-2.194
-0.134	-2.194
-0.154	-2.195
-0.174	-2.196
-0.194	-2.183
-0.214	-2.184
-0.234	-2.184
-0.254	-2.183
-0.274	-2.183
-0.294	-2.183
-0.314	-2.184
-0.334	-2.184
-0.354	-2.184
-0.374	-2.185
-0.394	-2.185
-0.414	-2.186
-0.434	-2.186
-0.454	-2.186
-0.474	-2.187
-0.494	-2.187
-0.514	-2.187
-0.534	-2.188
-0.554	-2.188
-0.574	-2.189
-0.594	-2.189
-0.614	-2.189
-0.634	-2.189
-0.654	-2.189
-0.674	-2.189
-0.694	-2.189
-0.714	-2.189
-0.734	-2.189
-0.754	-2.189
-0.774	-2.189
-0.794	-2.190
-0.814	-2.190
-0.834	-2.191
-0.854	-2.191
-0.874	-2.191
-0.894	-2.191
-0.914	-2.191
-0.934	-2.192
-0.954	-2.192
-0.974	-2.192
-0.994	-2.192
-1.014	-2.193
-1.034	-2.192
-1.054	-2.193
-1.074	-2.193
-1.094	-2.192
-1.114	-2.192
-1.134	-2.193
-1.154	-2.193
-1.174	-2.193
-1.194	-2.194
-1.214	-2.194
-1.214	-2.195
-1.194	-2.194
-1.174	-2.194
-1.154	-2.194
-1.134	-2.194
-1.114	-2.194
-1.094	-2.195
-1.074	-2.194
-1.054	-2.194
-1.034	-2.194
-1.014	-2.194
-0.994	-2.194
-0.974	-2.194
-0.954	-2.193
-0.934	-2.193
-0.914	-2.192
-0.894	-2.193
-0.874	-2.193
-0.854	-2.193
-0.834	-2.193
-0.814	-2.193
-0.794	-2.192
-0.774	-2.192
-0.754	-2.193
-0.734	-2.193
-0.714	-2.192
-0.694	-2.192
-0.674	-2.192
-0.654	-2.192
-0.634	-2.191
-0.614	-2.191
-0.594	-2.191
-0.574	-2.191
-0.554	-2.191
-0.534	-2.190
-0.514	-2.190
-0.494	-2.190
-0.474	-2.190
-0.454	-2.190
-0.434	-2.190
-0.414	-2.190
-0.394	-2.190
-0.374	-2.190
-0.354	-2.189
-0.334	-2.190
-0.314	-2.190
-0.294	-2.189
-0.274	-2.189
-0.254	-2.189
-0.234	-2.189
-0.214	-2.188
-0.194	-2.188
-0.174	-2.188
-0.154	-2.187
-0.134	-2.186
-0.114	-2.186
-0.094	-2.186
-0.074	-2.186
-0.054	-2.185
-0.034	-2.185
-0.014	-2.185
0.006	-2.185
0.026	-2.184
0.046	-2.185
0.066	-2.184
0.086	-2.184
0.106	-2.183
0.126	-2.184
0.146	-2.183
0.166	-2.183
0.186	-2.195
0.206	-2.195
0.226	-2.195
0.246	-2.194
0.266	-2.194
0.286	-2.193
0.306	-2.193
0.326	-2.192
0.346	-2.192
0.366	-2.191
0.386	-2.191
0.406	-2.191
0.426	-2.191
0.446	-2.191
0.466	-2.191
0.486	-2.191
0.506	-2.191
0.526	-2.190
0.546	-2.189
0.566	-2.190
0.586	-2.190
0.606	-2.189
0.626	-2.189
0.646	-2.188
0.666	-2.188
0.686	-2.188
0.706	-2.187
0.726	-2.188
0.746	-2.187
0.766	-2.187
0.786	-2.187
0.806	-2.187
0.826	-2.187
0.846	-2.187
0.866	-2.187
0.886	-2.186
0.906	-2.186
0.926	-2.186
0.946	-2.186
0.966	-2.186
0.986	-2.186
1.006	-2.186
1.026	-2.185
1.046	-2.185
1.066	-2.185
1.086	-2.185
1.106	-2.185
1.126	-2.185
1.146	-2.184
1.166	-2.184
1.186	-2.184
