-1.927
-1.926
-1.932
-1.924
-1.927
-1.924
-1.924
-1.924
-1.924
-1.924
-1.923
-1.922
-1.921
-1.920
-1.920
-1.918
-1.918
-1.917
-1.917
-1.915
-1.915
-1.914
-1.913
-1.912
-1.911
-1.909
-1.908
-1.906
-1.903
-1.901
-1.900
-1.899
-1.897
-1.893
-1.890
-1.889
-1.886
-1.883
-1.879
-1.877
-1.872
-1.867
-1.865
-1.862
-1.856
-1.853
-1.847
-1.841
-1.837
-1.830
-1.825
-1.814
-1.803
-1.795
-1.786
-1.775
-1.767
-1.756
-1.748
-1.741
-1.738
-1.732
-1.722
-1.718
-1.708
-1.696
-1.682
-1.660
-1.637
-1.614
-1.589
-1.566
-1.545
-1.534
-1.525
-1.522
-1.524
-1.526
-1.535
-1.542
-1.545
-1.540
-1.533
-1.524
-1.505
-1.478
-1.449
-1.414
-1.375
-1.335
-1.301
-1.279
-1.272
-1.286
-1.314
-1.340
-1.375
-1.418
-1.453
-1.488
-1.511
-1.531
-1.540
-1.545
-1.532
-1.516
-1.494
-1.468
-1.439
-1.403
-1.369
-1.350
-1.347
-1.352
-1.381
-1.425
-1.493
-1.563
-1.631
-1.691
-1.745
-1.786
-1.818
-1.846
-1.864
-1.875
-1.885
-1.891
-1.898
-1.903
-1.907
-1.912
-1.915
-1.919
-1.923
-1.924
-1.925
-1.926
-1.927
-1.928
-1.927
-1.928
-1.929
-1.928
-1.929
-1.929
-1.929
-1.929
-1.929
-1.929
-1.930
