9.400000 -0.752683 0.004076 -1.009776 0.003023
9.400000 -0.745362 0.002997 -1.012658 0.003431
9.400000 -0.769642 0.002964 -1.020702 0.003193
9.400000 -0.769642 0.002964 -1.020702 0.003193
12.300000 -0.761624 0.004618 -1.009577 0.003400
12.300000 -0.758060 0.003389 -1.005942 0.003354
12.300000 -0.755855 0.003738 -1.010546 0.002951
15.900000 -0.840917 0.002822 -1.047187 0.003100
15.900000 -0.833387 0.003265 -1.041990 0.002889
15.900000 -0.838546 0.003975 -1.043313 0.002913
17.800000 -0.742493 0.003399 -0.975711 0.003456
17.800000 -0.741900 0.003834 -0.973555 0.003172
17.800000 -0.748465 0.003933 -0.972375 0.003619
19.700000 -0.745807 0.004086 -0.963608 0.003582
19.700000 -0.739988 0.003417 -0.959733 0.002693
19.700000 -0.733132 0.003865 -0.952568 0.003717
20.600000 -0.760310 0.003854 -0.964724 0.003078
20.600000 -0.763558 0.002900 -0.967928 0.003305
20.600000 -0.763420 0.003726 -0.965551 0.003123
21.500000 -0.767808 0.003747 -0.953056 0.003668
21.500000 -0.761790 0.004505 -0.953674 0.003762
21.500000 -0.763186 0.003749 -0.950669 0.002983
22.000000 -0.786286 0.003189 -0.957526 0.003869
22.000000 -0.778435 0.004238 -0.944196 0.002865
22.000000 -0.778194 0.004333 -0.951995 0.002883
22.500000 -0.787186 0.003575 -0.948897 0.003112
22.500000 -0.788307 0.004068 -0.948630 0.003286
22.500000 -0.791509 0.002832 -0.948178 0.004305
22.900000 -0.818956 0.003659 -0.951080 0.002928
22.900000 -0.816125 0.003456 -0.953501 0.003964
22.900000 -0.817669 0.003222 -0.956644 0.002958
23.400000 -0.839257 0.003402 -0.951265 0.003427
23.400000 -0.843247 0.003336 -0.953510 0.003814
23.400000 -0.834415 0.003500 -0.954568 0.003493
23.900000 -0.845314 0.002772 -0.938069 0.003565
23.900000 -0.849048 0.003485 -0.933154 0.003036
23.900000 -0.850067 0.003475 -0.932423 0.003279
24.300000 -0.873866 0.003655 -0.929446 0.004066
24.300000 -0.871751 0.003870 -0.929130 0.003342
24.300000 -0.878852 0.003445 -0.941940 0.003265
24.800000 -0.890828 0.004468 -0.946439 0.003042
24.800000 -0.886466 0.003653 -0.936504 0.003146
24.800000 -0.887846 0.003572 -0.940027 0.002998
25.300000 -0.908985 0.002961 -0.947927 0.004625
25.300000 -0.911374 0.003060 -0.945990 0.003076
25.300000 -0.906302 0.002700 -0.951435 0.002989
26.200000 -0.921548 0.004533 -0.944285 0.003044
26.200000 -0.916846 0.002925 -0.942253 0.002916
26.200000 -0.922570 0.003755 -0.945833 0.002622
27.200000 -0.914825 0.002656 -0.931177 0.004073
27.200000 -0.915175 0.002752 -0.928333 0.003525
27.200000 -0.915251 0.003319 -0.928639 0.003487
29.100000 -0.936060 0.003947 -0.935612 0.002678
29.100000 -0.941807 0.003239 -0.935024 0.004046
29.100000 -0.939970 0.002718 -0.934703 0.003396
30.900000 -1.008486 0.002922 -0.995027 0.004133
30.900000 -1.004014 0.003090 -0.990992 0.003147
30.900000 -1.004087 0.004152 -0.994183 0.002990
32.800000 -1.013116 0.002929 -0.995187 0.002985
32.800000 -1.013979 0.003145 -0.989316 0.004303
32.800000 -1.013264 0.004019 -0.992059 0.003099
35.600000 -1.032669 0.003165 -1.005115 0.003212
35.600000 -1.035563 0.002943 -1.004177 0.003294
35.600000 -1.034232 0.002783 -1.006527 0.003314
