1.186	-1.807
1.166	-1.808
1.146	-1.809
1.126	-1.808
1.106	-1.808
1.086	-1.809
1.066	-1.808
1.046	-1.808
1.026	-1.808
1.006	-1.807
0.986	-1.807
0.966	-1.807
0.946	-1.807
0.926	-1.807
0.906	-1.807
0.886	-1.806
0.866	-1.806
0.846	-1.807
0.826	-1.807
0.806	-1.807
0.786	-1.807
0.766	-1.807
0.746	-1.808
0.726	-1.808
0.706	-1.808
0.686	-1.808
0.666	-1.807
0.646	-1.806
0.626	-1.807
0.606	-1.807
0.586	-1.806
0.566	-1.806
0.546	-1.806
0.526	-1.806
0.506	-1.806
0.486	-1.806
0.466	-1.806
0.446	-1.807
0.426	-1.806
0.406	-1.807
0.386	-1.807
0.366	-1.806
0.346	-1.807
0.326	-1.807
0.306	-1.806
0.286	-1.806
0.266	-1.806
0.246	-1.805
0.226	-1.805
0.206	-1.805
0.186	-1.805
0.166	-1.804
0.146	-1.805
0.126	-1.805
0.106	-1.805
0.086	-1.805
0.066	-1.805
0.046	-1.805
0.026	-1.805
0.006	-1.805
-0.014	-1.805
-0.034	-1.805
-0.054	-1.804
-0.074	-1.804
-0.094	-1.804
-0.114	-1.802
-0.134	-1.802
-0.154	-1.801
-0.174	-1.802
-0.194	-1.848
-0.214	-1.846
-0.234	-1.846
-0.254	-1.847
-0.274	-1.847
-0.294	-1.847
-0.314	-1.848
-0.334	-1.846
-0.354	-1.848
-0.374	-1.848
-0.394	-1.848
-0.414	-1.849
-0.434	-1.849
-0.454	-1.848
-0.474	-1.847
-0.494	-1.848
-0.514	-1.847
-0.534	-1.847
-0.554	-1.847
-0.574	-1.847
-0.594	-1.847
-0.614	-1.848
-0.634	-1.847
-0.654	-1.847
-0.674	-1.848
-0.694	-1.847
-0.714	-1.849
-0.734	-1.848
-0.754	-1.848
-0.774	-1.849
-0.794	-1.848
-0.814	-1.848
-0.834	-1.848
-0.854	-1.847
-0.874	-1.848
-0.894	-1.847
-0.914	-1.846
-0.934	-1.847
-0.954	-1.847
-0.974	-1.847
-0.994	-1.848
-1.014	-1.848
-1.034	-1.848
-1.054	-1.849
-1.074	-1.849
-1.094	-1.849
-1.114	-1.849
-1.134	-1.849
-1.154	-1.849
-1.174	-1.849
-1.194	-1.848
-1.214	-1.849
-1.214	-1.849
-1.194	-1.848
-1.174	-1.848
-1.154	-1.849
-1.134	-1.848
-1.114	-1.848
-1.094	-1.849
-1.074	-1.848
-1.054	-1.848
-1.034	-1.849
-1.014	-1.849
-0.994	-1.849
-0.974	-1.849
-0.954	-1.849
-0.934	-1.849
-0.914	-1.849
-0.894	-1.848
-0.874	-1.848
-0.854	-1.848
-0.834	-1.848
-0.814	-1.848
-0.794	-1.848
-0.774	-1.847
-0.754	-1.847
-0.734	-1.847
-0.714	-1.848
-0.694	-1.848
-0.674	-1.847
-0.654	-1.848
-0.634	-1.848
-0.614	-1.848
-0.594	-1.849
-0.574	-1.849
-0.554	-1.848
-0.534	-1.849
-0.514	-1.848
-0.494	-1.848
-0.474	-1.847
-0.454	-1.847
-0.434	-1.848
-0.414	-1.847
-0.394	-1.847
-0.374	-1.848
-0.354	-1.847
-0.334	-1.847
-0.314	-1.848
-0.294	-1.848
-0.274	-1.848
-0.254	-1.848
-0.234	-1.848
-0.214	-1.848
-0.194	-1.848
-0.174	-1.848
-0.154	-1.848
-0.134	-1.848
-0.114	-1.847
-0.094	-1.846
-0.074	-1.846
-0.054	-1.846
-0.034	-1.846
-0.014	-1.846
0.006	-1.846
0.026	-1.846
0.046	-1.846
0.066	-1.846
0.086	-1.847
0.106	-1.848
0.126	-1.848
0.146	-1.847
0.166	-1.847
0.186	-1.802
0.206	-1.803
0.226	-1.804
0.246	-1.803
0.266	-1.802
0.286	-1.802
0.306	-1.802
0.326	-1.803
0.346	-1.803
0.366	-1.803
0.386	-1.803
0.406	-1.804
0.426	-1.803
0.446	-1.804
0.466	-1.804
0.486	-1.805
0.506	-1.805
0.526	-1.805
0.546	-1.805
0.566	-1.806
0.586	-1.806
0.606	-1.806
0.626	-1.806
0.646	-1.805
0.666	-1.805
0.686	-1.805
0.706	-1.805
0.726	-1.805
0.746	-1.805
0.766	-1.805
0.786	-1.805
0.806	-1.806
0.826	-1.806
0.846	-1.807
0.866	-1.806
0.886	-1.806
0.906	-1.806
0.926	-1.807
0.946	-1.807
0.966	-1.807
0.986	-1.807
1.006	-1.807
1.026	-1.807
1.046	-1.807
1.066	-1.806
1.086	-1.806
1.106	-1.806
1.126	-1.807
1.146	-1.806
1.166	-1.807
1.186	-1.807
