1.186	-0.295
1.166	-0.295
1.146	-0.295
1.126	-0.295
1.106	-0.295
1.086	-0.294
1.066	-0.294
1.046	-0.295
1.026	-0.295
1.006	-0.295
0.986	-0.294
0.966	-0.295
0.946	-0.295
0.926	-0.295
0.906	-0.295
0.886	-0.294
0.866	-0.294
0.846	-0.294
0.826	-0.294
0.806	-0.294
0.786	-0.294
0.766	-0.295
0.746	-0.294
0.726	-0.294
0.706	-0.293
0.686	-0.294
0.666	-0.294
0.646	-0.295
0.626	-0.294
0.606	-0.293
0.586	-0.293
0.566	-0.293
0.546	-0.294
0.526	-0.294
0.506	-0.295
0.486	-0.293
0.466	-0.294
0.446	-0.294
0.426	-0.293
0.406	-0.293
0.386	-0.294
0.366	-0.294
0.346	-0.293
0.326	-0.294
0.306	-0.293
0.286	-0.293
0.266	-0.294
0.246	-0.294
0.226	-0.293
0.206	-0.293
0.186	-0.293
0.166	-0.294
0.146	-0.294
0.126	-0.294
0.106	-0.295
0.086	-0.294
0.066	-0.294
0.046	-0.294
0.026	-0.294
0.006	-0.294
-0.014	-0.294
-0.034	-0.294
-0.054	-0.294
-0.074	-0.294
-0.094	-0.294
-0.114	-0.293
-0.134	-0.294
-0.154	-0.294
-0.174	-0.294
-0.194	-0.234
-0.214	-0.231
-0.234	-0.231
-0.254	-0.232
-0.274	-0.232
-0.294	-0.232
-0.314	-0.233
-0.334	-0.232
-0.354	-0.232
-0.374	-0.233
-0.394	-0.233
-0.414	-0.233
-0.434	-0.234
-0.454	-0.232
-0.474	-0.232
-0.494	-0.233
-0.514	-0.233
-0.534	-0.234
-0.554	-0.234
-0.574	-0.233
-0.594	-0.234
-0.614	-0.235
-0.634	-0.236
-0.654	-0.235
-0.674	-0.234
-0.694	-0.234
-0.714	-0.235
-0.734	-0.235
-0.754	-0.234
-0.774	-0.234
-0.794	-0.234
-0.814	-0.235
-0.834	-0.234
-0.854	-0.234
-0.874	-0.234
-0.894	-0.234
-0.914	-0.235
-0.934	-0.235
-0.954	-0.235
-0.974	-0.235
-0.994	-0.235
-1.014	-0.236
-1.034	-0.236
-1.054	-0.235
-1.074	-0.235
-1.094	-0.235
-1.114	-0.236
-1.134	-0.236
-1.154	-0.235
-1.174	-0.235
-1.194	-0.235
-1.214	-0.235
-1.214	-0.236
-1.194	-0.236
-1.174	-0.236
-1.154	-0.236
-1.134	-0.239
-1.114	-0.236
-1.094	-0.237
-1.074	-0.235
-1.054	-0.236
-1.034	-0.236
-1.014	-0.236
-0.994	-0.236
-0.974	-0.236
-0.954	-0.235
-0.934	-0.236
-0.914	-0.237
-0.894	-0.236
-0.874	-0.235
-0.854	-0.235
-0.834	-0.236
-0.814	-0.236
-0.794	-0.236
-0.774	-0.235
-0.754	-0.236
-0.734	-0.236
-0.714	-0.236
-0.694	-0.237
-0.674	-0.236
-0.654	-0.234
-0.634	-0.236
-0.614	-0.236
-0.594	-0.236
-0.574	-0.235
-0.554	-0.234
-0.534	-0.236
-0.514	-0.236
-0.494	-0.236
-0.474	-0.235
-0.454	-0.235
-0.434	-0.235
-0.414	-0.236
-0.394	-0.236
-0.374	-0.236
-0.354	-0.235
-0.334	-0.235
-0.314	-0.235
-0.294	-0.236
-0.274	-0.236
-0.254	-0.235
-0.234	-0.234
-0.214	-0.234
-0.194	-0.234
-0.174	-0.235
-0.154	-0.234
-0.134	-0.234
-0.114	-0.234
-0.094	-0.233
-0.074	-0.233
-0.054	-0.234
-0.034	-0.233
-0.014	-0.233
0.006	-0.232
0.026	-0.232
0.046	-0.232
0.066	-0.232
0.086	-0.233
0.106	-0.232
0.126	-0.232
0.146	-0.232
0.166	-0.232
0.186	-0.296
0.206	-0.296
0.226	-0.295
0.246	-0.295
0.266	-0.295
0.286	-0.295
0.306	-0.295
0.326	-0.295
0.346	-0.295
0.366	-0.294
0.386	-0.293
0.406	-0.294
0.426	-0.294
0.446	-0.294
0.466	-0.294
0.486	-0.293
0.506	-0.294
0.526	-0.294
0.546	-0.294
0.566	-0.294
0.586	-0.294
0.606	-0.293
0.626	-0.293
0.646	-0.293
0.666	-0.294
0.686	-0.294
0.706	-0.294
0.726	-0.295
0.746	-0.294
0.766	-0.293
0.786	-0.293
0.806	-0.294
0.826	-0.294
0.846	-0.294
0.866	-0.293
0.886	-0.294
0.906	-0.295
0.926	-0.294
0.946	-0.294
0.966	-0.295
0.986	-0.294
1.006	-0.295
1.026	-0.295
1.046	-0.295
1.066	-0.296
1.086	-0.295
1.106	-0.295
1.126	-0.295
1.146	-0.295
1.166	-0.295
1.186	-0.295
