1.186	0.634
1.166	0.634
1.146	0.635
1.126	0.635
1.106	0.635
1.086	0.635
1.066	0.635
1.046	0.635
1.026	0.636
1.006	0.636
0.986	0.635
0.966	0.635
0.946	0.634
0.926	0.633
0.906	0.633
0.886	0.633
0.866	0.634
0.846	0.634
0.826	0.633
0.806	0.633
0.786	0.634
0.766	0.634
0.746	0.634
0.726	0.635
0.706	0.636
0.686	0.635
0.666	0.635
0.646	0.635
0.626	0.636
0.606	0.635
0.586	0.636
0.566	0.635
0.546	0.635
0.526	0.633
0.506	0.633
0.486	0.634
0.466	0.635
0.446	0.634
0.426	0.634
0.406	0.634
0.386	0.634
0.366	0.634
0.346	0.635
0.326	0.636
0.306	0.635
0.286	0.635
0.266	0.636
0.246	0.635
0.226	0.635
0.206	0.635
0.186	0.635
0.166	0.635
0.146	0.635
0.126	0.634
0.106	0.633
0.086	0.633
0.066	0.634
0.046	0.634
0.026	0.634
0.006	0.633
-0.014	0.632
-0.034	0.634
-0.054	0.635
-0.074	0.634
-0.094	0.635
-0.114	0.635
-0.134	0.633
-0.154	0.634
-0.174	0.634
-0.194	0.705
-0.214	0.706
-0.234	0.706
-0.254	0.705
-0.274	0.705
-0.294	0.703
-0.314	0.703
-0.334	0.704
-0.354	0.703
-0.374	0.704
-0.394	0.704
-0.414	0.702
-0.434	0.702
-0.454	0.703
-0.474	0.704
-0.494	0.704
-0.514	0.704
-0.534	0.704
-0.554	0.704
-0.574	0.704
-0.594	0.704
-0.614	0.704
-0.634	0.703
-0.654	0.703
-0.674	0.703
-0.694	0.703
-0.714	0.701
-0.734	0.701
-0.754	0.702
-0.774	0.702
-0.794	0.702
-0.814	0.701
-0.834	0.701
-0.854	0.703
-0.874	0.704
-0.894	0.704
-0.914	0.705
-0.934	0.704
-0.954	0.704
-0.974	0.704
-0.994	0.704
-1.014	0.704
-1.034	0.704
-1.054	0.703
-1.074	0.703
-1.094	0.703
-1.114	0.702
-1.134	0.703
-1.154	0.702
-1.174	0.701
-1.194	0.702
-1.214	0.703
-1.214	0.702
-1.194	0.702
-1.174	0.704
-1.154	0.705
-1.134	0.705
-1.114	0.704
-1.094	0.703
-1.074	0.704
-1.054	0.704
-1.034	0.704
-1.014	0.704
-0.994	0.702
-0.974	0.702
-0.954	0.702
-0.934	0.702
-0.914	0.702
-0.894	0.702
-0.874	0.701
-0.854	0.702
-0.834	0.702
-0.814	0.702
-0.794	0.702
-0.774	0.703
-0.754	0.703
-0.734	0.704
-0.714	0.704
-0.694	0.703
-0.674	0.703
-0.654	0.703
-0.634	0.703
-0.614	0.702
-0.594	0.702
-0.574	0.702
-0.554	0.702
-0.534	0.701
-0.514	0.700
-0.494	0.700
-0.474	0.701
-0.454	0.701
-0.434	0.701
-0.414	0.702
-0.394	0.701
-0.374	0.702
-0.354	0.703
-0.334	0.703
-0.314	0.703
-0.294	0.703
-0.274	0.702
-0.254	0.702
-0.234	0.703
-0.214	0.703
-0.194	0.702
-0.174	0.701
-0.154	0.701
-0.134	0.703
-0.114	0.702
-0.094	0.701
-0.074	0.702
-0.054	0.701
-0.034	0.702
-0.014	0.703
0.006	0.703
0.026	0.703
0.046	0.704
0.066	0.705
0.086	0.706
0.106	0.705
0.126	0.704
0.146	0.705
0.166	0.705
0.186	0.632
0.206	0.632
0.226	0.632
0.246	0.631
0.266	0.631
0.286	0.632
0.306	0.632
0.326	0.633
0.346	0.631
0.366	0.631
0.386	0.633
0.406	0.633
0.426	0.634
0.446	0.634
0.466	0.634
0.486	0.635
0.506	0.635
0.526	0.635
0.546	0.635
0.566	0.634
0.586	0.635
0.606	0.634
0.626	0.633
0.646	0.633
0.666	0.633
0.686	0.632
0.706	0.633
0.726	0.633
0.746	0.632
0.766	0.631
0.786	0.632
0.806	0.633
0.826	0.635
0.846	0.635
0.866	0.634
0.886	0.634
0.906	0.634
0.926	0.635
0.946	0.635
0.966	0.634
0.986	0.634
1.006	0.633
1.026	0.632
1.046	0.633
1.066	0.632
1.086	0.632
1.106	0.632
1.126	0.631
1.146	0.631
1.166	0.631
1.186	0.631
