1.186	-3.214
1.166	-3.214
1.146	-3.214
1.126	-3.214
1.106	-3.214
1.086	-3.214
1.066	-3.214
1.046	-3.215
1.026	-3.214
1.006	-3.214
0.986	-3.214
0.966	-3.214
0.946	-3.214
0.926	-3.214
0.906	-3.214
0.886	-3.215
0.866	-3.214
0.846	-3.215
0.826	-3.214
0.806	-3.215
0.786	-3.215
0.766	-3.215
0.746	-3.215
0.726	-3.215
0.706	-3.215
0.686	-3.215
0.666	-3.215
0.646	-3.215
0.626	-3.215
0.606	-3.214
0.586	-3.215
0.566	-3.215
0.546	-3.215
0.526	-3.215
0.506	-3.215
0.486	-3.215
0.466	-3.215
0.446	-3.215
0.426	-3.215
0.406	-3.216
0.386	-3.215
0.366	-3.215
0.346	-3.216
0.326	-3.216
0.306	-3.215
0.286	-3.215
0.266	-3.215
0.246	-3.216
0.226	-3.216
0.206	-3.215
0.186	-3.215
0.166	-3.215
0.146	-3.215
0.126	-3.215
0.106	-3.216
0.086	-3.216
0.066	-3.216
0.046	-3.216
0.026	-3.216
0.006	-3.216
-0.014	-3.215
-0.034	-3.215
-0.054	-3.215
-0.074	-3.215
-0.094	-3.215
-0.114	-3.215
-0.134	-3.215
-0.154	-3.215
-0.174	-3.215
-0.194	-3.231
-0.214	-3.230
-0.234	-3.231
-0.254	-3.230
-0.274	-3.230
-0.294	-3.231
-0.314	-3.231
-0.334	-3.231
-0.354	-3.231
-0.374	-3.231
-0.394	-3.231
-0.414	-3.232
-0.434	-3.232
-0.454	-3.232
-0.474	-3.232
-0.494	-3.232
-0.514	-3.232
-0.534	-3.232
-0.554	-3.232
-0.574	-3.232
-0.594	-3.232
-0.614	-3.232
-0.634	-3.232
-0.654	-3.232
-0.674	-3.232
-0.694	-3.232
-0.714	-3.232
-0.734	-3.232
-0.754	-3.232
-0.774	-3.231
-0.794	-3.231
-0.814	-3.232
-0.834	-3.231
-0.854	-3.231
-0.874	-3.231
-0.894	-3.231
-0.914	-3.231
-0.934	-3.231
-0.954	-3.231
-0.974	-3.231
-0.994	-3.231
-1.014	-3.231
-1.034	-3.231
-1.054	-3.231
-1.074	-3.232
-1.094	-3.231
-1.114	-3.231
-1.134	-3.231
-1.154	-3.232
-1.174	-3.231
-1.194	-3.232
-1.214	-3.231
-1.214	-3.231
-1.194	-3.231
-1.174	-3.231
-1.154	-3.231
-1.134	-3.231
-1.114	-3.231
-1.094	-3.231
-1.074	-3.231
-1.054	-3.231
-1.034	-3.231
-1.014	-3.231
-0.994	-3.231
-0.974	-3.231
-0.954	-3.231
-0.934	-3.231
-0.914	-3.231
-0.894	-3.231
-0.874	-3.231
-0.854	-3.231
-0.834	-3.231
-0.814	-3.231
-0.794	-3.231
-0.774	-3.231
-0.754	-3.231
-0.734	-3.231
-0.714	-3.231
-0.694	-3.231
-0.674	-3.231
-0.654	-3.231
-0.634	-3.231
-0.614	-3.231
-0.594	-3.231
-0.574	-3.231
-0.554	-3.231
-0.534	-3.231
-0.514	-3.231
-0.494	-3.231
-0.474	-3.231
-0.454	-3.231
-0.434	-3.231
-0.414	-3.232
-0.394	-3.232
-0.374	-3.232
-0.354	-3.232
-0.334	-3.232
-0.314	-3.232
-0.294	-3.232
-0.274	-3.232
-0.254	-3.232
-0.234	-3.232
-0.214	-3.231
-0.194	-3.231
-0.174	-3.231
-0.154	-3.231
-0.134	-3.231
-0.114	-3.231
-0.094	-3.231
-0.074	-3.230
-0.054	-3.230
-0.034	-3.230
-0.014	-3.231
0.006	-3.231
0.026	-3.231
0.046	-3.231
0.066	-3.230
0.086	-3.230
0.106	-3.231
0.126	-3.231
0.146	-3.231
0.166	-3.231
0.186	-3.215
0.206	-3.215
0.226	-3.215
0.246	-3.215
0.266	-3.215
0.286	-3.215
0.306	-3.216
0.326	-3.215
0.346	-3.216
0.366	-3.216
0.386	-3.216
0.406	-3.216
0.426	-3.215
0.446	-3.215
0.466	-3.215
0.486	-3.215
0.506	-3.215
0.526	-3.216
0.546	-3.215
0.566	-3.215
0.586	-3.215
0.606	-3.215
0.626	-3.215
0.646	-3.215
0.666	-3.215
0.686	-3.215
0.706	-3.215
0.726	-3.215
0.746	-3.214
0.766	-3.215
0.786	-3.215
0.806	-3.215
0.826	-3.215
0.846	-3.215
0.866	-3.215
0.886	-3.215
0.906	-3.214
0.926	-3.214
0.946	-3.214
0.966	-3.214
0.986	-3.214
1.006	-3.214
1.026	-3.214
1.046	-3.214
1.066	-3.214
1.086	-3.214
1.106	-3.214
1.126	-3.214
1.146	-3.214
1.166	-3.214
1.186	-3.214
